  frez       Ax       Bx       By       Cy       Cx      Dx        Dy       Ay
3150.253    2.237    2.258   -2.267   -2.257   -2.299   -2.329    2.244    2.207 
3317.761   -2.367   -2.426    1.743    2.237   -3.290   -2.858    1.276    1.209 
3323.458    1.896    2.203    3.098    2.953    1.266    1.393    2.407    2.382 
3354.161    2.249    2.543    1.424    1.666   -2.327   -1.672   -2.928   -2.943 
3409.572    0.862   -0.767   -3.392    2.923   -2.801    3.540   -0.010    0.252 
3418.287    3.450   -3.027   -1.619    2.040    2.556   -2.666    0.447   -0.585 
3423.723    2.790   -2.765    2.627   -2.580   -1.971    1.932    1.675   -1.654 
3427.745    1.489   -1.425    0.952   -0.834   -0.412    0.284   -4.233    4.267 
3147.701   -2.226   -2.182    2.251    2.335    2.291    2.217   -2.264   -2.316 
3316.816    1.145    1.179    2.802    2.905    1.375    1.338    3.069    3.087 
3326.126    3.089    2.981   -1.261   -1.222    2.920    2.921   -1.212   -1.353 
3355.815    2.294    2.353    2.524    2.288   -2.147   -2.467   -2.153   -2.014 
3413.006   -0.318    0.342    1.762   -1.598   -1.905    1.787    3.818   -3.824 
3416.468   -1.603    1.535    3.750   -3.828   -0.261    0.551   -1.957    2.034 
3423.318    0.274   -0.433    1.251   -1.438    4.181   -4.077    1.535   -1.339 
3425.163   -4.249    4.325   -1.471    1.351    0.622   -0.638    0.547   -0.562 
3148.053    2.221    2.273   -2.341   -2.326   -2.216   -2.208    2.255    2.244 
3317.998   -1.236   -1.122    2.912    2.894   -1.071   -1.102    3.022    3.243 
3325.906    3.227    3.150    1.238    1.387    2.888    2.798    1.020    0.926 
3356.535    2.251    1.811    2.195    2.326   -2.652   -2.517   -1.966   -2.450 
3414.226   -1.793    1.937   -3.460    3.532   -0.423    0.274   -2.401    2.120 
3416.649   -1.808    2.268    3.044   -2.819    0.049   -0.215   -3.052    2.648 
3423.611    3.511   -3.506   -0.286    0.201    1.170   -1.193   -2.706    2.702 
3426.187    1.018   -1.023    0.278   -0.317   -4.352    4.494   -0.571    0.689 
3150.783   -2.216   -2.251    2.282    2.260    2.244    2.276   -2.301   -2.273 
3320.061    1.840    1.624   -2.648   -2.665    1.361    1.335   -2.895   -3.090 
3326.314    2.753    2.693    1.388    1.426    2.895    3.024    1.761    1.567 
3356.352   -2.556   -2.068   -2.468   -2.670    2.244    2.279    1.769    2.101 
3414.791    1.724   -2.221    0.326   -0.510   -0.414    0.440    4.237   -3.919 
3420.240   -0.699    0.611   -3.144    3.036   -3.332    3.295    0.258   -0.312 
3424.280    1.625   -1.820   -3.341    3.217    2.791   -2.607   -0.125    0.327 
3426.642    3.650   -3.757    0.707   -0.808   -1.593    1.638   -1.955    2.134 
3148.577   -2.166   -2.168    2.200    2.277    2.330    2.341   -2.337   -2.262 
3323.036   -1.020   -0.933    2.960    3.104   -0.474   -0.802    3.259    3.161 
3325.561    3.118    3.065    0.550    0.744    3.196    3.137    0.920    0.991 
3361.104    2.469    2.290    2.453    2.520   -2.176   -2.235   -1.948   -2.169 
3416.580   -0.868    0.977    0.426   -0.136   -2.862    2.667   -3.457    3.577 
3419.956    0.293   -0.322    1.433   -1.257   -3.349    3.492    2.826   -2.618 
3424.909   -1.225    1.364    4.276   -4.131    1.334   -1.226   -0.347    0.308 
3428.702   -4.253    4.350   -1.250    1.209   -0.048    0.027    0.979   -1.126 
3155.199   -2.254   -2.270    2.274    2.276    2.258    2.264   -2.271   -2.263 
3328.779   -1.455   -1.462    2.876    2.902   -1.478   -1.473    2.885    2.884 
3330.247    2.890    2.910    1.468    1.488    2.885    2.866    1.459    1.456 
3364.209    2.301    2.271    2.235    2.309   -2.340   -2.275   -2.278   -2.322 
3426.201    0.284   -0.249    3.928   -3.866    2.063   -2.103    1.220   -1.246 
3426.412    2.910   -2.936   -0.895    0.849   -0.709    0.755    3.378   -3.340 
3427.826   -2.497    2.480    1.288   -1.289   -3.153    3.174    1.818   -1.803 
3430.555    2.529   -2.501    1.876   -1.872   -2.495    2.505   -2.235    2.258 
3152.470    2.231    2.250   -2.238   -2.233   -2.289   -2.307    2.293    2.273 
3322.474    2.165    2.182    1.472    1.477    2.725    3.166    2.501    2.056 
3326.001    1.991    2.004   -2.565   -2.600    1.886    1.815   -2.662   -2.572 
3358.284    2.685    2.654    2.599    2.704   -1.590   -2.026   -2.077   -1.616 
3414.818    0.241   -0.125   -0.279    0.369   -3.825    3.191    2.555   -3.213 
3422.541   -1.433    1.406   -1.219    1.182   -2.617    2.676   -3.211    3.301 
3426.620   -3.521    3.560    2.929   -2.844   -0.081   -0.022    0.457   -0.545 
3428.762   -2.577    2.535   -3.371    3.335    1.277   -1.246    1.311   -1.332 
3145.665    2.269    2.350   -2.375   -2.361   -2.241   -2.154    2.143    2.164 
3320.939    2.510    2.518    2.397    2.596    2.089    1.878    2.085    2.089 
3321.318    2.241    2.370   -2.230   -1.911    2.284    2.252   -2.383   -2.553 
3358.128   -2.027   -1.832   -2.233   -2.033    2.614    2.635    2.311    2.482 
3411.681   -2.678    2.504   -3.550    3.763    0.297   -0.691   -0.777    0.671 
3414.972   -3.607    3.726    2.663   -2.557   -0.602    0.722   -0.557    0.489 
3423.633   -0.472    0.394   -0.680    0.832   -3.120    3.151    3.312   -3.164 
3427.153   -0.852    0.690    0.321   -0.427    3.200   -3.301    3.185   -3.073 
3142.886    2.216    2.214   -2.097   -2.099   -2.210   -2.353    2.479    2.359 
3307.681   -3.138   -2.430    1.763    1.758   -1.147   -1.467    2.596    3.024 
3321.283    2.182    2.182    1.919    1.919    2.688    2.777    2.186    2.269 
3352.452   -2.117   -1.316   -3.105   -3.092    2.341    2.638    0.677    1.854 
3397.092    1.257   -2.258   -0.273   -0.375    1.142   -0.377    4.448   -3.660 
3415.188   -3.877    4.326    0.493   -0.492    1.154   -1.043    1.374   -1.842 
3417.879    0.816   -0.698    0.176   -0.296    4.493   -4.231   -1.249    1.054 
3429.214    0.360   -0.407    4.567   -4.564   -0.365    0.341   -0.135    0.186 
3142.262   -2.315   -2.336    2.302    2.184    2.128    2.236   -2.271   -2.269 
3311.937    2.096    2.102   -2.411   -2.364    2.182    2.179   -2.408   -2.441 
3315.664    2.670    2.986    2.963    2.344    1.805    1.873    1.367    1.602 
3349.684   -1.533   -1.763   -1.691   -1.631    3.026    2.557    2.393    3.043 
3403.848   -4.049    3.635    2.139   -2.585    0.521   -0.687   -0.185    0.078 
3407.950   -2.172    2.229   -3.111    3.241   -1.823    1.939   -1.512    1.582 
3415.947   -1.068    1.054   -1.643    1.747    1.066   -0.555    4.243   -3.803 
3423.779    0.112   -0.378    1.281   -1.713   -3.920    4.181    1.707   -1.292 
3147.867    2.393    2.253   -2.215   -2.258   -2.228   -2.183    2.200    2.346 
3316.551    2.506    2.454    2.609    2.412    2.118    2.107    1.817    2.108 
3323.479   -1.950   -1.925    2.341    2.740   -2.795   -2.366    1.971    1.996 
3354.342   -2.030   -2.602   -1.724   -1.684    2.314    2.029    2.839    2.745 
3409.825   -3.331    3.051    3.010   -3.056    0.469   -0.542    1.310   -0.883 
3416.086   -1.632    1.875   -2.283    1.960   -2.708    3.215    2.221   -2.032 
3423.624    2.596   -2.583    2.644   -2.533   -2.383    2.299    1.388   -1.560 
3425.491   -1.115    0.803    0.555   -0.888   -2.418    2.664   -3.646    3.600 
3153.225   -2.231   -2.252    2.277    2.296    2.288    2.282   -2.255   -2.238 
3327.004    1.690    1.672   -2.766   -2.794    1.791    1.819   -2.666   -2.676 
3327.963    2.751    2.829    1.745    1.775    2.705    2.624    1.720    1.729 
3362.258    2.277    2.296    2.185    2.186   -2.341   -2.246   -2.330   -2.449 
3423.202   -1.147    1.128    4.299   -4.273    1.170   -1.179    0.181   -0.198 
3424.579   -2.411    2.385    0.430   -0.431   -3.679    3.725   -1.184    1.225 
3425.535    2.122   -2.147    1.056   -1.051   -2.242    2.351    3.248   -3.129 
3429.253    3.128   -3.040    1.220   -1.155   -0.864    0.848   -3.072    3.081 
3146.247    2.369    2.283   -2.238   -2.176   -2.149   -2.188    2.275    2.385 
3320.842    0.086   -0.280    3.199    3.135    0.179    0.256    3.147    3.402 
3323.185    3.315    3.035   -0.020    0.028    3.236    3.323   -0.257   -0.025 
3358.882   -2.410   -2.147   -2.335   -2.515    2.310    2.305    2.131    2.120 
3413.553    2.070   -2.455    0.025   -0.308    0.495   -0.615   -4.079    3.769 
3418.562   -3.454    3.563   -1.683    1.879   -0.777    0.775   -2.186    2.249 
3421.973   -1.721    1.991    3.355   -3.166    2.569   -2.583   -0.580    0.575 
3426.650    0.194   -0.249   -2.661    2.716    3.750   -3.610    0.577   -0.475 
3146.075    2.363    2.342   -2.187   -2.207   -2.305   -2.291    2.172    2.200 
3311.243    3.524    3.317    0.256    0.201    2.967    2.984   -0.216   -0.453 
3324.684   -0.226    0.138    3.116    3.047    0.206    0.206    3.216    3.512 
3351.383    1.957    1.682    2.639    2.437   -2.488   -2.621   -1.943   -2.302 
3404.299   -4.267    4.600    0.520   -0.632   -0.171    0.127   -1.107    0.616 
3413.230    0.034   -0.008    0.001   -0.080    4.534   -4.461   -0.855    0.845 
3422.787   -0.527    0.206    2.716   -2.851    0.696   -0.603    3.736   -3.394 
3425.277   -1.003    0.988   -3.565    3.643    0.505   -0.551    2.680   -2.542 
3148.410   -2.266   -2.313    2.247    2.239    2.312    2.310   -2.213   -2.184 
3317.766    3.112    3.134   -0.272   -0.169    3.257    3.380    0.114   -0.084 
3325.669   -0.051   -0.059    3.018    3.057    0.165    0.302    3.505    3.314 
3355.969    2.496    2.299    2.482    2.624   -1.924   -2.208   -2.173   -1.986 
3413.127   -0.004   -0.037    0.188   -0.256    4.551   -4.262   -1.048    1.350 
3416.525   -4.268    4.333   -0.444    0.578   -0.362    0.341   -1.472    1.431 
3424.266   -1.210    1.319    3.778   -3.663    0.401   -0.512    2.248   -2.411 
3425.643    1.014   -0.878    2.654   -2.610   -1.010    1.155   -3.402    3.546 
3150.597    2.306    2.222   -2.212   -2.275   -2.292   -2.234    2.236    2.323 
3320.603    2.297    2.221    2.219    2.225    2.365    2.364    2.250    2.321 
3328.198    2.180    2.166   -2.355   -2.485    2.398    2.279   -2.210   -2.220 
3358.641    2.275    2.560    2.296    2.166   -2.076   -2.215   -2.484   -2.187 
3417.291   -1.985    2.113    1.511   -1.460   -2.564    2.553    2.837   -2.833 
3420.662   -2.326    2.080    2.964   -3.061    2.550   -2.447   -0.772    1.056 
3425.200   -0.068   -0.097    1.353   -1.418   -2.797    2.943   -3.318    3.287 
3426.751    3.462   -3.463    2.894   -2.709    0.028   -0.152    1.053   -1.180 
3147.870    2.295    2.330   -2.339   -2.314   -2.227   -2.174    2.178    2.222 
3321.511    2.053    2.042    2.745    2.734    1.759    1.708    2.461    2.506 
3322.658   -2.710   -2.713    1.775    1.543   -2.498   -2.473    2.030    2.250 
3357.439   -2.037   -1.875   -2.372   -2.123    2.531    2.687    2.217    2.347 
3414.927   -4.310    4.391   -0.725    0.865    0.011   -0.111   -1.254    1.102 
3416.727    0.927   -0.977   -4.312    4.497    0.533   -0.761   -0.500    0.487 
3421.918   -0.900    0.820   -0.869    1.027   -2.455    2.327    3.756   -3.644 
3427.336   -0.691    0.557    0.119   -0.216    3.863   -3.871    2.486   -2.299 
3148.943    2.260    2.291   -2.306   -2.235   -2.189   -2.233    2.288    2.289 
3320.699   -1.317   -1.435    2.935    2.844   -1.302   -1.274    2.988    2.997 
3326.290    2.912    2.818    1.291    1.317    2.977    3.079    1.348    1.374 
3358.697    2.462    2.234    2.256    2.465   -2.289   -2.234   -2.143   -2.198 
3417.568    1.682   -1.643    2.029   -2.111    0.614   -0.593    3.681   -3.692 
3419.220    1.211   -1.075    3.053   -3.050    1.945   -1.994   -2.600    2.504 
3423.247   -4.020    4.216    1.850   -1.607    0.670   -0.755    0.744   -0.797 
3425.996   -0.096    0.059   -2.064    2.152    4.093   -3.988    0.585   -0.528 
3149.191    2.332    2.370   -2.344   -2.207   -2.169   -2.170    2.196    2.294 
3325.749    1.248    1.753   -2.987   -2.568    1.569    1.565   -2.846   -2.947 
3326.767    2.861    2.684    1.536    1.624    2.897    2.937    1.371    1.613 
3364.659   -2.306   -2.296   -2.334   -2.299    2.244    2.321    2.299    2.234 
3418.221    3.901   -3.772    1.781   -2.324    0.718   -0.610   -1.433    1.012 
3424.081   -0.067    0.396    2.735   -2.814   -0.608    0.718    3.615   -3.559 
3427.005   -2.362    2.385    2.613   -2.650    2.383   -2.301   -1.724    1.791 
3429.688    0.745   -0.743   -1.442    1.519    3.858   -3.829    1.958   -1.848 
3143.706    2.208    2.148   -2.149   -2.219   -2.337   -2.366    2.326    2.296 
3315.485    2.709    2.685    0.919    0.786    3.237    3.202    1.523    1.585 
3318.489   -1.068   -1.058    3.071    3.413   -1.322   -1.245    2.871    2.605 
3352.324    2.618    2.903    2.094    2.242   -1.855   -1.639   -2.539   -2.109 
3406.081   -0.027   -0.022   -0.980    0.744   -4.403    4.559    0.123   -0.046 
3413.066    1.036   -1.298   -1.329    1.246    0.201   -0.144   -4.076    4.374 
3417.320   -2.214    1.918    3.716   -3.565   -0.780    0.680   -1.558    1.844 
3424.718    3.961   -3.889    2.460   -2.146   -0.535    0.350    0.282   -0.441 
3138.926   -2.295   -2.419    2.215    2.111    2.121    2.233   -2.364   -2.255 
3303.675   -2.872   -2.828    1.554    1.544   -2.063   -2.126    2.342    2.440 
3319.416    1.916    2.087    2.801    2.659    1.957    1.985    2.330    2.358 
3346.300    1.915    1.430    2.312    2.647   -3.004   -2.516   -1.653   -2.325 
3395.912   -3.691    3.895   -0.398    0.665   -0.882    0.474   -2.562    2.122 
3407.863    2.592   -2.411   -0.739    0.712   -1.435    1.366   -3.423    3.536 
3413.328    0.296    0.041    3.397   -3.076    2.476   -2.993   -1.887    1.473 
3422.607    0.233   -0.155   -2.988    3.230    3.338   -3.302   -0.620    0.491 
3150.490    2.283    2.285   -2.331   -2.334   -2.239   -2.238    2.194    2.194 
3321.829    0.951    1.124    3.534    3.508   -0.032    0.103    2.715    2.718 
3322.936    3.099    3.216   -0.381   -0.659    3.292    3.125   -0.578   -0.572 
3357.147   -1.998   -2.238   -1.581   -1.623    2.474    2.207    2.892    2.894 
3411.546   -1.615    1.368    4.200   -4.192    0.908   -1.164    0.029   -0.031 
3419.746    4.207   -4.016    1.178   -0.896    1.612   -1.798    0.287   -0.370 
3423.991    1.201   -1.228    1.348   -1.481   -3.938    4.092    1.234   -1.194 
3429.521   -0.629    0.628   -0.486    0.502    0.957   -0.979    4.422   -4.424 
3152.969   -2.257   -2.234    2.250    2.314    2.305    2.243   -2.242   -2.271 
3322.449    2.684    2.036   -2.063   -2.089    1.537    1.542   -2.564   -3.229 
3325.442    2.653    2.618    2.061    2.130    2.481    2.348    1.968    1.905 
3357.495    2.010    1.467    2.709    2.553   -2.705   -2.762   -1.502   -2.144 
3415.467   -2.790    3.653    0.708   -0.629    0.188   -0.314   -3.578    2.649 
3422.336    1.464   -1.354   -3.253    3.238    2.081   -2.249   -2.041    1.878 
3426.818   -0.729    0.934   -2.694    2.811   -3.612    3.554   -0.072   -0.089 
3428.749    2.797   -2.787    1.642   -1.533   -1.832    1.915   -2.699    2.698 
3147.716    2.326    2.275   -2.185   -2.246   -2.326   -2.275    2.194    2.255 
3316.038    2.956    2.985    1.239    1.234    2.969    2.998    1.247    1.243 
3327.486   -1.264   -1.274    2.967    2.972   -1.219   -1.226    3.004    3.006 
3356.003    2.045    2.416    2.498    2.210   -2.053   -2.423   -2.438   -2.150 
3412.857   -2.963    2.935    1.238   -1.238   -3.012    2.975    1.321   -1.328 
3415.965    3.328   -3.054   -0.526    0.877   -3.249    2.975    0.554   -0.899 
3424.755   -0.595    0.460   -0.286    0.228   -1.429    1.553   -4.276    4.329 
3425.507   -1.257    1.411   -4.320    4.391   -0.343    0.181    0.472   -0.545 
3149.740   -2.319   -2.321    2.205    2.210    2.319    2.321   -2.196   -2.201 
3318.158    3.215    3.239    0.083    0.080    3.215    3.239    0.084    0.080 
3329.871   -0.058   -0.056    3.258    3.256   -0.108   -0.105    3.220    3.218 
3358.748   -2.196   -2.248   -2.333   -2.309    2.194    2.247    2.397    2.371 
3415.273    3.250   -3.225   -0.087    0.090    3.251   -3.226   -0.089    0.093 
3416.358   -3.215    3.173    0.539   -0.577    3.215   -3.172   -0.503    0.544 
3427.405   -0.216    0.221   -3.849    3.851    0.043   -0.042   -2.501    2.502 
3429.350    0.496   -0.511    2.443   -2.451   -0.535    0.552   -3.816    3.825 
3151.547    2.305    2.298   -2.227   -2.218   -2.258   -2.278    2.258    2.266 
3322.367    3.199    3.392    1.062    0.833    2.959    2.975    0.511    0.583 
3327.337   -0.770   -0.656    3.299    3.134   -0.792   -0.824    3.062    3.081 
3358.953   -1.824   -2.201   -2.323   -1.968    2.514    2.474    2.415    2.482 
3417.002    4.438   -4.047   -1.486    1.909    0.056   -0.169    0.068   -0.188 
3422.872    0.475   -0.522    1.487   -1.559    4.310   -4.293   -0.042   -0.002 
3425.163    0.521   -0.574    1.583   -1.678   -0.580    0.665    4.250   -4.176 
3427.737   -1.473    1.632   -3.544    3.717    1.479   -1.466    1.824   -1.825 
3149.657   -2.191   -2.203    2.340    2.331    2.287    2.295   -2.227   -2.218 
3318.319    0.860    1.229    3.651    3.336    0.032    0.111    2.735    2.725 
3323.049    2.962    3.191   -0.522   -0.874    3.338    3.217   -0.390   -0.384 
3354.564    2.063    2.542    1.757    1.362   -2.278   -2.084   -2.868   -2.893 
3408.745    1.561   -0.932   -4.047    4.451   -1.021    1.123   -0.083   -0.014 
3418.891   -1.246    1.001    0.595   -0.910   -4.276    4.454    0.356   -0.250 
3423.924    2.852   -2.659    0.956   -0.785   -0.331    0.307    3.539   -3.567 
3427.242    3.366   -3.134    1.295   -1.103   -0.858    0.811   -2.910    2.880 
3146.511    2.298    2.270   -2.155   -2.186   -2.288   -2.266    2.291    2.321 
3315.607    2.575    2.560    1.348    1.352    2.942    3.169    1.851    1.624 
3322.207    1.995    1.941   -2.458   -2.477    1.238    1.148   -3.104   -3.057 
3353.515    2.204    2.285    2.931    2.806   -1.946   -2.393   -1.866   -1.490 
3409.528    0.014    0.130    0.283   -0.074   -2.987    2.502    3.435   -3.839 
3414.858   -4.344    4.345    0.703   -0.788   -0.914    0.965   -0.815    0.811 
3418.108   -1.192    1.145    0.448   -0.543    3.573   -3.488    2.692   -2.565 
3427.278   -0.808    0.900   -4.485    4.521    0.084   -0.165    0.272   -0.320 
3152.597    2.302    2.279   -2.275   -2.268   -2.226   -2.232    2.250    2.282 
3323.676    0.923    1.087    3.509    3.409    0.267    0.423    2.742    2.836 
3325.210    3.081    3.187   -0.471   -0.846    3.295    3.064   -0.738   -0.677 
3357.961   -1.986   -2.340   -1.767   -1.789    2.562    2.167    2.690    2.761 
3415.470   -2.379    2.034    3.747   -3.798    1.183   -1.493    0.203   -0.172 
3422.414    3.791   -3.622    1.541   -1.161    2.149   -2.497   -0.254    0.074 
3425.844    0.745   -0.710    0.632   -0.660   -1.168    1.277    4.376   -4.264 
3428.696   -1.311    1.422   -2.030    2.213    3.469   -3.562    1.542   -1.539 
3142.686    2.376    2.339   -2.213   -2.253   -2.243   -2.183    2.186    2.254 
3311.931    3.072    3.085    1.577    1.585    2.777    2.754    1.064    1.056 
3321.024   -1.446   -1.452    2.776    2.706   -1.162   -1.159    3.107    3.188 
3351.639   -1.739   -1.978   -2.564   -2.219    2.456    2.770    2.277    2.091 
3404.643    4.488   -4.391   -0.824    0.985    0.378   -0.510   -0.385    0.246 
3413.979    0.846   -0.740    1.459   -1.282   -3.040    2.887    3.050   -3.163 
3418.443   -0.622    0.778   -4.065    4.286   -0.459    0.170    1.675   -1.755 
3420.980    0.022   -0.080    0.850   -0.980    3.469   -3.429    2.961   -2.798 
3145.806    2.421    2.325   -2.266   -2.264   -2.172   -2.159    2.167    2.286 
3318.554    2.960    2.669    2.165    2.176    2.421    2.406    1.377    1.675 
3324.351    1.703    1.840   -2.643   -2.595    1.976    1.972   -2.606   -2.692 
3358.832   -1.905   -2.083   -2.049   -1.974    2.508    2.564    2.533    2.559 
3410.825   -4.310    4.469    0.748   -0.640   -0.212    0.382    1.204   -0.818 
3417.699   -0.697    0.719   -4.476    4.549   -0.380    0.332   -0.081    0.109 
3423.859    1.089   -0.924    0.029    0.067   -2.704    2.721    3.610   -3.519 
3426.796    0.371   -0.269   -0.374    0.413    3.698   -3.658    2.778   -2.630 
3144.092    2.295    2.328   -2.327   -2.284   -2.242   -2.150    2.163    2.263 
3313.707    1.405    1.486    2.562    2.466    1.767    1.981    2.971    2.969 
3316.131   -3.256   -2.953    1.254    0.928   -2.357   -2.341    1.710    2.413 
3349.173    2.081    1.643    3.090    2.487   -2.274   -2.926   -1.607   -1.594 
3404.470    2.640   -3.129    0.646   -0.639   -1.591    1.282    3.336   -2.961 
3411.005    3.250   -3.400   -1.599    1.451    2.195   -1.902   -1.649    1.968 
3416.330   -0.980    0.913   -3.836    4.420   -0.325   -0.296    1.709   -1.666 
3424.430   -0.871    0.573    0.868   -1.193    3.938   -3.712    2.432   -1.922 
3146.498    2.330    2.311   -2.253   -2.245   -2.276   -2.222    2.176    2.261 
3316.194    2.791    2.769    1.214    1.219    3.043    3.123    1.482    1.407 
3324.026    1.085    1.320   -3.029   -3.020    1.573    1.330   -2.868   -2.849 
3354.499    2.330    2.623    2.245    2.261   -1.869   -2.141   -2.608   -2.100 
3411.936   -1.931    2.082   -0.123    0.190   -3.619    3.441    1.965   -2.223 
3415.967    3.942   -3.712   -1.395    1.378   -2.126    2.045   -0.190   -0.254 
3419.882    1.389   -1.241    4.293   -4.264   -0.443    0.350    0.808   -0.995 
3424.935   -0.842    0.617    0.797   -0.959   -1.858    2.123   -3.912    4.032 
3145.970   -2.354   -2.371    2.241    2.215    2.264    2.270   -2.168   -2.185 
3314.925    3.232    3.255   -0.095   -0.068    3.206    3.177   -0.315   -0.273 
3326.309    0.408    0.286    3.358    3.362    0.005    0.030    3.058    3.114 
3356.215   -2.117   -2.096   -2.073   -2.189    2.382    2.268    2.528    2.578 
3409.496    4.543   -4.529    0.078   -0.181    0.550   -0.541    0.074   -0.146 
3415.358    0.530   -0.579   -1.129    1.029   -4.364    4.457    0.253   -0.198 
3422.382    0.020    0.065    4.411   -4.386   -1.051    1.022    0.788   -0.812 
3427.418   -0.127    0.137   -0.722    0.734    0.414   -0.366    4.559   -4.478 
3150.040   -2.274   -2.265    2.280    2.329    2.274    2.207   -2.214   -2.254 
3322.171    1.865    1.893    2.677    2.767    1.771    1.683    2.613    2.662 
3325.599   -2.851   -2.751    1.666    1.595   -2.562   -2.530    1.883    2.078 
3358.590   -2.096   -2.026   -2.410   -2.236    2.442    2.597    2.172    2.266 
3418.301   -2.878    2.937    3.415   -3.422   -0.854    1.010   -0.066    0.049 
3419.679    2.365   -2.479    1.743   -1.667   -1.477    1.509    3.258   -3.072 
3423.082    2.384   -2.421    2.478   -2.567    1.975   -1.831   -2.287    2.317 
3426.957   -1.030    0.907    0.189   -0.317    3.777   -3.803    2.467   -2.319 
3149.403   -2.305   -2.316    2.250    2.267    2.291    2.274   -2.199   -2.191 
3319.640    3.353    3.324    0.009    0.026    3.135    3.073   -0.243   -0.306 
3326.810    0.185    0.283    3.290    3.304    0.037   -0.017    3.138    3.191 
3357.819   -2.102   -1.989   -2.221   -2.181    2.472    2.402    2.360    2.519 
3414.832   -4.410    4.490    0.613   -0.617   -0.488    0.462   -0.825    0.676 
3419.731    0.300   -0.306   -0.709    0.723   -4.451    4.543    0.497   -0.414 
3422.854    0.465   -0.515    4.404   -4.408   -0.525    0.594    1.083   -1.010 
3428.001   -0.968    0.863   -0.891    0.854    0.529   -0.509    4.427   -4.347 
3142.403    2.278    2.219   -2.207   -2.150   -2.199   -2.269    2.329    2.391 
3313.552    1.654    1.719   -2.746   -2.935    1.716    1.484   -2.667   -2.725 
3317.514    2.437    2.102    1.294    1.207    3.096    3.263    1.906    2.064 
3351.187   -2.988   -2.532   -2.192   -2.810    1.892    1.555    1.981    1.929 
3405.895   -0.314    0.402   -0.382    0.327   -1.287    1.372    4.400   -4.276 
3409.080   -0.777    0.525   -2.419    1.892   -3.606    3.836   -1.362    1.380 
3418.840   -4.010    4.425   -0.931    1.300    1.420   -1.328    0.013    0.060 
3422.497   -1.435    1.780    4.011   -3.706   -1.998    1.672   -0.451    0.302 
3145.454    2.386    2.368   -2.257   -2.190   -2.140   -2.158    2.242    2.316 
3320.587   -2.984   -3.056    1.220    1.081   -2.717   -2.728    1.764    1.699 
3322.217    1.604    1.275    3.043    2.976    1.436    1.434    2.629    2.903 
3358.822    1.995    1.914    2.309    2.362   -2.644   -2.558   -2.141   -2.283 
3410.890   -4.417    4.523   -0.367    0.659   -0.253    0.290    0.871   -0.609 
3418.374    0.663   -0.525    1.150   -1.155    0.190   -0.025    4.495   -4.291 
3421.736    0.675   -0.804   -4.176    4.215   -1.329    1.381    1.094   -0.972 
3427.398    0.063   -0.062    1.318   -1.403   -4.370    4.392   -0.250    0.263 
3143.527   -2.314   -2.324    2.150    2.133    2.134    2.195   -2.419   -2.370 
3314.030    2.388    2.307   -2.131   -2.107    1.168    1.296   -3.049   -3.029 
3320.956    2.626    2.585    2.036    2.035    2.647    2.692    1.653    1.703 
3355.584   -1.821   -1.625   -2.736   -2.784    2.734    2.742    1.532    1.816 
3403.733    1.459   -1.594    0.052   -0.217    0.396   -0.142    4.343   -4.232 
3410.363   -4.254    4.352    0.209   -0.154   -0.077    0.090    1.488   -1.575 
3424.035   -0.005   -0.072   -3.197    3.191   -3.304    3.269    0.346   -0.244 
3427.063   -0.197    0.215   -3.299    3.289    3.242   -3.149   -0.060   -0.005 
3141.933   -2.308   -2.339    2.259    2.193    2.113    2.181   -2.332   -2.315 
3311.771    1.617    1.555   -2.781   -2.668    1.240    1.259   -3.000   -3.079 
3316.722    3.076    3.299    2.125    1.774    2.419    2.460    0.868    0.962 
3349.743    1.524    1.643    2.161    2.061   -3.075   -2.813   -2.062   -2.471 
3404.610   -4.145    3.968    0.781   -0.969   -0.214    0.050   -1.973    1.808 
3408.629   -1.400    1.161    2.061   -2.309    0.907   -0.740    3.783   -3.634 
3412.811   -1.615    1.648   -3.651    3.768   -0.904    1.163    1.940   -1.754 
3425.034    0.197   -0.339    1.137   -1.386   -4.347    4.437    0.408   -0.229 
3147.585   -2.278   -2.315    2.209    2.173    2.223    2.271   -2.326   -2.287 
3318.449    3.166    3.156   -0.590   -0.587    3.051    3.303   -0.505   -0.724 
3320.035    0.093    0.118    2.730    2.709    0.883    1.240    3.673    3.324 
3353.609    2.427    2.245    2.814    2.951   -1.927   -2.259   -1.782   -1.488 
3410.081   -1.416    1.471    0.085   -0.066    1.993   -1.520   -3.738    4.172 
3415.664   -3.554    3.609   -0.677    0.764   -2.913    2.594   -0.095   -0.202 
3419.383   -2.439    2.482    1.219   -1.126    2.968   -2.908    2.207   -2.242 
3426.916    0.141   -0.044    4.406   -4.358   -1.356    1.184   -0.570    0.473 
3139.325    2.275    2.159   -2.096   -2.219   -2.284   -2.280    2.344    2.363 
3308.386    1.946    1.970    2.265    2.305    2.316    2.338    2.494    2.496 
3315.715   -3.103   -2.700    1.636    1.721   -1.711   -1.987    2.431    2.493 
3347.972    1.771    1.936    3.064    2.577   -2.196   -2.908   -1.666   -1.623 
3400.868    0.258   -0.285    0.307   -0.170   -0.767    0.629    4.503   -4.475 
3406.209   -3.538    3.642    1.995   -2.117   -1.882    1.958   -0.220    0.159 
3412.453   -2.215    2.268   -0.541   -0.089    4.152   -3.620    0.781   -0.733 
3422.834   -1.485    1.892   -3.978    4.173   -1.413    1.027    0.007   -0.242 
3149.459    2.329    2.337   -2.212   -2.203   -2.204   -2.193    2.298    2.314 
3322.644    3.317    3.318    0.673    0.698    3.037    3.085    0.245    0.155 
3323.329   -0.749   -0.743    2.926    2.868   -0.090   -0.041    3.451    3.460 
3358.493   -1.944   -1.915   -2.723   -2.616    2.493    2.661    1.899    1.811 
3414.608   -3.708    3.724    0.101   -0.114    0.319   -0.248   -2.658    2.662 
3416.829    2.636   -2.629   -0.439    0.396    1.071   -0.944   -3.558    3.616 
3426.382    0.085   -0.046   -2.910    3.024   -3.524    3.396   -0.624    0.535 
3427.845   -0.494    0.476   -3.459    3.506    2.833   -2.837    0.873   -0.810 
3138.130   -2.118   -2.074    2.201    2.255    2.357    2.329   -2.324   -2.352 
3306.276   -0.181   -0.180    3.151    3.594   -0.541   -0.162    3.030    2.990 
3310.091    2.386    2.344   -0.256   -0.687    3.882    3.464    1.134    1.134 
3345.931   -3.216   -3.359   -1.773   -2.165    1.350    0.911    2.308    2.050 
3396.337    0.033   -0.067   -2.040    1.361   -3.718    4.341    1.192   -1.179 
3402.243    0.192   -0.398   -1.695    1.365   -0.422    0.722   -4.173    4.311 
3408.233    0.717   -0.618   -4.000    3.747    2.078   -1.929    1.155   -1.200 
3425.553    4.564   -4.503    0.772   -0.608   -0.266    0.170    0.036   -0.149 
3144.360    2.179    2.239   -2.362   -2.314   -2.325   -2.350    2.153    2.130 
3314.179   -2.220   -2.335    2.071    2.105   -3.170   -3.065    1.235    1.214 
3321.902    1.980    1.964    2.764    2.818    1.458    1.490    2.658    2.646 
3354.961   -2.641   -2.584   -1.571   -1.907    1.945    1.671    2.739    2.824 
3406.071   -0.494    0.267   -2.836    2.599   -3.531    3.757   -0.012    0.203 
3411.906   -0.295    0.173   -3.639    3.642    2.766   -2.731   -0.215    0.244 
3420.926    4.395   -4.386   -0.545    0.394   -0.091    0.192    1.262   -1.208 
3427.696   -1.289    1.214   -0.124    0.122    0.113   -0.072    4.429   -4.409 
3148.742   -2.214   -2.311    2.318    2.246    2.244    2.302   -2.257   -2.196 
3318.733   -2.344   -2.443    2.168    2.095   -2.519   -2.535    2.047    2.039 
3328.012    2.108    2.110    2.414    2.476    2.088    2.071    2.498    2.485 
3358.352   -2.496   -2.178   -2.059   -2.422    2.360    2.058    2.186    2.487 
3415.355   -2.321    2.165   -2.676    2.672   -2.539    2.553   -1.476    1.556 
3420.755    2.793   -3.027   -0.751    0.401   -2.872    3.141    1.925   -1.609 
3423.096    0.325   -0.587   -3.586    3.482    2.290   -2.138    1.889   -1.812 
3426.473    2.738   -2.667   -1.042    0.980    0.743   -0.775   -3.485    3.503 
3148.358    2.164    2.165   -2.277   -2.279   -2.318   -2.397    2.272    2.207 
3319.968    1.950    1.959   -2.548   -2.716    2.593    2.658   -1.878   -1.692 
3324.961    2.233    2.233    2.210    2.217    2.225    2.237    2.464    2.461 
3359.023   -2.717   -2.721   -1.815   -2.042    1.939    1.670    2.586    2.535 
3411.526   -0.181    0.003   -2.000    1.802   -4.082    4.161   -0.418    0.659 
3418.582    0.521   -0.515   -4.206    4.072    1.980   -1.815   -0.020   -0.018 
3424.631   -0.988    0.932    0.165   -0.090    0.480   -0.615   -4.398    4.513 
3429.419   -4.462    4.471   -0.480    0.457    0.210   -0.166    0.954   -0.983 
3147.694    2.199    2.197   -2.221   -2.241   -2.295   -2.400    2.314    2.209 
3320.183    2.801    2.890   -1.380   -1.569    2.999    3.190   -1.136   -0.824 
3323.305    1.377    1.551    3.201    3.115    1.078    1.003    2.849    2.694 
3357.389   -2.212   -2.561   -1.951   -1.859    2.239    2.016    2.740    2.558 
3412.777    0.163   -0.258   -1.652    1.657   -4.179    4.107   -0.822    1.140 
3418.080   -2.593    2.199    3.517   -3.676   -1.522    1.440   -0.191    0.393 
3424.254   -1.258    1.075   -0.622    0.645    1.151   -1.253   -4.093    4.359 
3425.534    3.761   -3.691    2.328   -2.113   -0.426    0.270   -1.433    1.483 
3149.031    2.209    2.235   -2.341   -2.331   -2.246   -2.256    2.243    2.229 
3313.066    0.389    0.870    3.720    3.642   -0.963   -0.561    2.474    2.464 
3319.709    2.995    3.497    0.491   -0.358    3.350    2.979    0.029    0.037 
3350.271    1.857    2.448    1.227    1.160   -2.503   -1.926   -3.093   -3.142 
3401.416    1.727   -0.907   -4.040    4.144   -1.067    1.784   -0.004    0.024 
3418.928   -3.218    2.652   -0.144   -0.608   -3.178    3.635   -0.578    0.796 
3422.110    1.730   -1.684    1.241   -1.299   -2.009    2.155    3.521   -3.465 
3425.459    2.862   -2.631    1.561   -1.431   -1.695    1.695   -2.907    2.889 
3146.218   -2.251   -2.327    2.248    2.173    2.216    2.297   -2.318   -2.242 
3314.786   -2.690   -2.673    1.849    1.834   -2.428   -2.456    2.049    2.068 
3324.655    1.779    1.783    2.441    2.426    2.102    2.189    2.726    2.647 
3353.838    2.465    2.044    2.385    2.740   -2.383   -2.117   -1.873   -2.151 
3410.748   -2.996    3.160   -1.050    1.222   -1.495    1.365   -2.903    2.783 
3416.108    0.863   -1.183   -1.879    1.509   -3.748    3.939    1.605   -1.376 
3419.167    3.169   -3.128    0.293   -0.394   -0.572    0.573   -3.187    3.335 
3424.956    0.612   -0.780   -4.127    4.057    2.060   -1.850   -0.057    0.159 
3148.801   -2.269   -2.244    2.230    2.266    2.323    2.327   -2.211   -2.220 
3319.891    3.098    3.098    0.648    0.659    3.140    3.216    0.842    0.865 
3326.424   -0.622   -0.624    3.250    3.271   -0.839   -0.912    3.053    2.997 
3358.289   -2.316   -2.463   -2.223   -2.111    2.011    2.207    2.541    2.382 
3415.369    0.682   -0.725   -0.326    0.201    4.556   -4.400   -0.558    0.625 
3419.615   -3.775    3.676    2.510   -2.610    0.811   -0.697    0.212   -0.092 
3423.714   -2.545    2.541   -3.665    3.621    0.021   -0.038   -1.136    1.174 
3426.317    0.383   -0.501    1.073   -1.084   -0.564    0.608   -4.349    4.458 
3142.308   -2.133   -2.113    2.202    2.228    2.307    2.288   -2.373   -2.394 
3308.643   -0.661   -0.659    3.051    3.571   -0.985   -0.473    2.944    2.934 
3315.322    2.286    2.267    0.208   -0.241    3.859    3.431    1.500    1.457 
3348.127   -3.252   -3.299   -1.819   -2.443    1.447    0.842    2.072    1.959 
3401.184    0.028   -0.097   -1.472    0.906   -2.408    2.878    3.511   -3.495 
3403.994    0.061    0.146    2.597   -1.803    2.369   -3.100    2.805   -2.929 
3415.357    0.696   -0.710   -3.860    3.640    2.547   -2.384    0.577   -0.541 
3427.687    4.551   -4.532    0.661   -0.574   -0.350    0.294   -0.130    0.083 
3149.579    2.251    2.330   -2.376   -2.308   -2.230   -2.231    2.179    2.185 
3322.143   -1.783   -2.016    2.546    2.485   -2.565   -2.413    2.177    2.173 
3325.650    2.515    2.559    2.302    2.308    2.201    2.213    2.076    2.075 
3359.569    2.285    2.400    1.771    2.020   -2.278   -2.086   -2.677   -2.645 
3414.594    1.023   -0.776    4.286   -4.222    1.338   -1.498    0.058   -0.222 
3421.922    4.541   -4.353   -1.088    0.982    0.267   -0.196    0.342   -0.431 
3423.160    0.437   -0.392    1.201   -1.365   -4.165    4.294    1.151   -1.175 
3429.212   -0.532    0.518   -0.353    0.411    1.019   -1.073    4.430   -4.429 
3140.679    2.285    2.223   -2.096   -2.091   -2.316   -2.352    2.309    2.354 
3311.403    3.106    2.930    0.046    0.050    3.347    3.395    0.401    0.609 
3319.942   -0.714   -0.828    2.895    2.895    0.159    0.096    3.380    3.506 
3353.499    2.498    2.362    2.829    2.866   -1.962   -1.925   -1.745   -1.775 
3405.213    0.378   -0.348    0.244   -0.252    4.564   -4.527   -0.022   -0.066 
3409.099   -0.854    1.031    0.242   -0.172    0.118    0.039    4.555   -4.375 
3413.722   -4.364    4.550    0.267   -0.146    0.355   -0.342   -0.933    0.985 
3428.216    0.228   -0.220    4.588   -4.574   -0.278    0.251   -0.169    0.151 
3140.981   -2.149   -2.101    2.278    2.392    2.367    2.325   -2.213   -2.204 
3311.244    1.759    1.914    2.873    2.860    1.434    1.233    2.733    2.691 
3319.774   -2.483   -2.483    1.956    1.933   -2.995   -3.194    1.221    1.064 
3351.952    2.330    2.833    2.062    1.453   -1.830   -2.039   -2.830   -2.524 
3402.939    1.192   -0.818   -3.855    3.940    1.960   -2.222   -0.549    0.257 
3410.196    0.603   -0.312   -1.843    2.261   -4.201    3.898    0.041   -0.178 
3417.966    0.404   -0.646    0.440   -0.429   -0.268    0.306   -4.388    4.649 
3424.203    4.546   -4.284    1.219   -0.934   -0.046   -0.016    0.518   -0.713 
3145.578   -2.247   -2.291    2.180    2.153    2.169    2.311   -2.425   -2.282 
3316.163    3.341    3.940    0.840    0.305    2.472    2.720   -0.611   -0.404 
3317.510   -0.300    0.183    3.628    3.150   -0.012   -0.230    3.146    2.909 
3352.635   -1.086   -1.744   -2.302   -1.679    3.003    2.994    2.280    2.495 
3407.556   -4.232    3.359    1.181   -1.994   -0.379    0.354   -1.778    1.947 
3412.019    1.454   -1.075   -1.304    1.949   -1.713    1.264   -3.689    3.866 
3422.092    1.846   -1.916    3.015   -3.187    2.299   -2.295   -1.643    1.593 
3425.441   -0.911    1.188   -2.339    2.561    3.714   -3.608   -0.846    0.620 
3143.937   -2.311   -2.332    2.337    2.252    2.118    2.129   -2.251   -2.321 
3316.262   -0.229   -0.540    3.263    3.076   -0.373   -0.375    3.146    3.315 
3323.634    3.332    3.303    0.577    0.726    3.074    3.073    0.027    0.196 
3357.353    2.073    2.009    2.203    2.248   -2.634   -2.575   -2.181   -2.299 
3412.517   -2.878    2.727   -3.436    3.718   -0.493    0.442    0.245   -0.033 
3414.103   -1.240    1.390    1.262   -1.175   -0.069    0.199    4.328   -4.087 
3417.219   -3.325    3.408    2.594   -2.486    0.200   -0.252   -1.788    1.775 
3428.503    0.156   -0.162    0.427   -0.489   -4.552    4.580   -0.221    0.229 
3136.102   -2.399   -2.398    2.284    2.286    2.208    2.113   -2.101   -2.206 
3304.684    2.988    3.077    1.884    1.902    2.573    2.527    1.170    1.167 
3316.267   -1.441   -1.653    2.781    2.475   -1.515   -1.486    2.967    3.105 
3346.447   -1.573   -1.953   -2.490   -1.903    2.454    2.913    2.481    2.185 
3395.645    4.605   -4.330   -0.552    0.675    0.336   -0.460   -0.578    0.269 
3406.225   -0.844    0.787   -3.788    4.012    1.740   -1.976   -1.169    1.268 
3412.098    0.329   -0.074   -1.953    2.466   -2.870    2.330    2.895   -3.136 
3420.037    0.077   -0.112    0.463   -0.604    3.238   -3.253    3.301   -3.080 
3145.584    2.344    2.213   -2.159   -2.229   -2.297   -2.239    2.225    2.359 
3314.814    2.561    2.371    1.832    1.840    2.728    2.709    1.879    2.081 
3325.705    1.881    1.922   -2.629   -2.726    1.963    1.898   -2.523   -2.544 
3355.504    2.230    2.592    2.435    2.227   -1.996   -2.223   -2.429   -2.091 
3410.904   -2.240    2.481    1.087   -0.981   -2.522    2.555    2.859   -2.730 
3416.580    2.735   -2.594   -1.278    1.448   -3.521    3.359   -0.564    0.170 
3420.976    1.603   -1.268   -2.050    2.213    1.499   -1.690    3.390   -3.493 
3424.678   -2.462    2.525   -3.744    3.624   -0.338    0.390   -1.033    1.120 
3135.865   -2.381   -2.449    2.264    2.198    2.142    2.068   -2.197   -2.290 
3308.328    3.177    3.282    1.405    1.530    2.803    2.779    0.620    0.502 
3310.721   -1.243   -1.432    2.684    2.338   -0.485   -0.448    3.381    3.646 
3348.448   -1.588   -1.515   -2.992   -2.351    2.667    3.077    1.761    1.631 
3394.606    4.598   -4.451    0.109   -0.283    0.081    0.019    0.401   -0.453 
3403.844   -0.444    0.403    0.735   -0.599   -1.333    1.111    4.395   -4.251 
3413.421    0.073   -0.129   -4.070    4.594    0.808   -1.290    1.002   -0.925 
3421.984   -0.248    0.112    1.050   -1.438    4.426   -4.150    1.140   -0.871 
3139.548   -2.279   -2.310    2.375    2.276    2.090    2.152   -2.258   -2.283 
3309.081   -0.807   -1.011    3.112    3.026   -1.117   -1.118    2.964    3.104 
3320.795    3.349    3.147    1.261    1.351    2.834    2.859    0.589    0.802 
3351.739    2.151    1.847    1.804    2.210   -2.780   -2.484   -2.176   -2.625 
3403.616   -1.692    1.462   -4.117    4.139   -0.735    0.861   -0.720    0.874 
3410.901    0.338   -0.485   -1.099    1.002    0.467   -0.070    4.623   -4.204 
3412.950   -4.111    4.424    1.629   -1.259    0.177   -0.273    0.722   -0.742 
3424.528    0.050   -0.121    0.667   -0.842   -4.442    4.567    0.539   -0.342 
3153.211   -2.239   -2.248    2.263    2.255    2.264    2.278   -2.290   -2.281 
3324.181    1.730    1.733   -2.669   -2.911    2.100    1.863   -2.488   -2.480 
3328.318    2.516    2.497    1.756    1.718    2.783    2.747    2.014    1.996 
3359.869   -2.601   -2.521   -1.995   -2.415    2.197    1.821    2.316    2.336 
3419.739   -0.208    0.053   -3.217    2.737   -3.248    3.688    0.199   -0.074 
3422.983   -1.081    1.106   -0.732    0.742    0.508   -0.498   -4.367    4.371 
3426.727   -2.704    2.767    2.887   -2.810   -2.383    2.316   -0.085    0.047 
3429.018    3.518   -3.534    1.858   -1.885   -1.797    1.790   -1.390    1.416 
3145.970   -2.304   -2.296    2.298    2.328    2.261    2.198   -2.159   -2.225 
3316.476   -2.159   -2.287    1.747    2.277   -3.490   -2.858    1.228    1.253 
3317.186    2.020    2.031    2.864    3.033    1.341    1.509    2.430    2.455 
3351.532    2.326    2.719    1.312    1.786   -2.050   -1.668   -3.042   -2.785 
3406.732   -0.563    0.571    4.280   -3.570    1.827   -2.559   -0.277    0.277 
3414.024    3.318   -3.179   -1.024    1.223    2.518   -2.738   -1.545    1.426 
3417.977    3.272   -3.015    1.953   -1.924   -2.521    2.564    0.775   -1.070 
3425.584   -0.517    0.323    0.469   -0.667   -1.466    1.774   -4.185    4.283 
3145.353   -2.253   -2.253    2.262    2.316    2.366    2.276   -2.148   -2.188 
3315.014    2.802    2.834    1.099    1.278    2.987    3.013    1.631    1.481 
3324.668   -1.159   -1.278    3.052    2.978   -1.518   -1.520    2.856    2.811 
3355.018   -2.385   -2.605   -2.312   -2.151    1.713    2.251    2.597    2.140 
3409.368    0.504   -0.751   -1.466    1.157    4.230   -4.032   -1.101    1.458 
3417.710   -3.472    3.272    2.713   -2.871    1.454   -1.197   -0.042    0.337 
3419.296   -3.074    2.983   -3.357    3.415   -0.634    0.424    0.286   -0.276 
3425.386   -0.295    0.165    0.020   -0.059   -1.194    1.446   -4.286    4.492 
3148.471   -2.233   -2.243    2.344    2.358    2.287    2.265   -2.175   -2.179 
3317.521    2.196    2.650    3.113    2.687    1.425    1.359    2.109    2.125 
3323.150   -2.353   -2.403    2.065    2.071   -2.832   -2.801    1.739    1.746 
3355.522   -1.761   -2.281   -1.828   -1.227    2.425    2.358    2.916    2.954 
3408.398    2.159   -1.461   -3.854    4.483   -0.120   -0.100   -0.158   -0.067 
3419.649   -1.964    1.848   -0.873    0.787   -4.040    4.132    0.146   -0.075 
3421.247    3.785   -3.541    1.704   -1.496   -1.996    2.020    0.996   -1.010 
3428.620   -0.781    0.726   -0.401    0.361    0.554   -0.545    4.504   -4.466 
3144.398   -2.213   -2.229    2.268    2.259    2.370    2.394   -2.169   -2.153 
3310.364    2.739    2.748   -0.561   -0.695    3.453    3.635    0.589    0.321 
3320.212    0.257    0.256    3.207    3.356   -0.247    0.185    3.290    3.018 
3349.772   -2.903   -2.837   -1.970   -2.229    1.362    1.640    2.617    2.227 
3399.487    0.051   -0.094    0.995   -0.775    4.529   -4.262   -0.493    1.021 
3415.556   -0.392    0.507    4.539   -4.317   -0.895    0.594    0.656   -0.856 
3418.086    4.303   -4.307    0.188   -0.201    0.113   -0.211    1.505   -1.601 
3423.875    1.490   -1.526    0.702   -0.738   -0.780    1.019   -4.009    4.339 
3148.788    2.191    2.187   -2.295   -2.307   -2.272   -2.308    2.286    2.243 
3316.828   -0.168    0.043    3.496    3.614   -1.110   -0.885    2.729    2.609 
3322.376    3.009    3.277    0.711    0.196    3.292    3.111    0.634    0.711 
3353.640    2.242    2.683    1.582    1.552   -2.281   -1.806   -2.897   -2.788 
3407.493   -1.222    0.819    4.083   -3.984    1.605   -2.091    0.195   -0.260 
3418.598   -1.702    1.318    1.278   -1.699   -3.906    4.130   -0.393    0.642 
3421.891   -0.637    0.526   -0.210    0.244    0.670   -0.764   -4.421    4.557 
3426.788    4.279   -4.051    1.655   -1.378   -0.971    0.861   -0.777    0.744 
3141.948   -2.149   -2.191    2.352    2.447    2.343    2.243   -2.165   -2.140 
3315.619    0.206    0.176    3.207    3.482   -0.382   -0.611    3.054    3.044 
3320.017    3.186    3.222   -0.140    0.203    3.397    3.070    0.272    0.283 
3355.360   -2.460   -2.344   -1.824   -1.982    2.282    2.056    2.536    2.671 
3405.016    0.246    0.057    4.641   -4.278   -0.766    1.049    0.256   -0.130 
3414.983   -0.606    0.627   -0.841    0.933   -4.272    4.597   -0.204    0.430 
3420.156   -3.325    3.401    0.385   -0.273    0.544   -0.688   -3.101    2.977 
3424.060    3.086   -3.029    0.031   -0.051   -0.190    0.183   -3.410    3.426 
3151.028    2.267    2.261   -2.211   -2.204   -2.253   -2.308    2.314    2.285 
3324.659    3.077    3.066   -1.139   -1.135    2.907    3.039   -1.228   -1.089 
3327.397    1.056    1.007    2.969    2.962    1.290    1.248    3.081    3.078 
3361.753    2.298    2.263    2.417    2.450   -2.280   -2.262   -2.149   -2.184 
3421.215   -1.627    1.557   -0.653    0.710   -2.830    2.680   -3.182    3.283 
3423.105   -0.218    0.216   -0.423    0.413   -3.371    3.385    3.101   -3.047 
3423.582   -4.194    4.265    1.103   -1.072    1.049   -1.002    0.966   -0.985 
3428.864    0.776   -0.781    4.399   -4.390   -1.032    0.976   -0.447    0.454 
3153.186   -2.254   -2.246    2.236    2.278    2.312    2.277   -2.252   -2.262 
3325.082    2.780    2.735    1.360    1.442    2.909    2.968    1.730    1.561 
3327.554    1.775    1.611   -2.679   -2.711    1.376    1.362   -2.935   -3.044 
3360.192    2.392    2.209    2.573    2.543   -2.108   -2.375   -2.027   -2.006 
3419.861    0.943   -1.017    0.339   -0.224   -3.244    3.034    3.145   -3.220 
3423.112   -3.314    3.547    1.195   -1.099   -2.436    2.419   -1.549    1.333 
3426.508   -1.280    1.232    3.275   -3.290    2.083   -2.036    2.160   -2.095 
3428.922   -2.588    2.618   -3.018    2.966    0.975   -1.082    2.038   -2.123 
3145.141    2.341    2.297   -2.233   -2.256   -2.282   -2.199    2.168    2.288 
3314.428    2.651    2.619    1.793    1.824    2.697    2.721    1.763    1.828 
3325.999    1.680    1.936   -2.739   -2.533    1.814    1.801   -2.703   -2.745 
3355.571    2.007    2.490    2.555    2.118   -1.995   -2.501   -2.479   -2.036 
3410.718    3.158   -3.152   -1.348    1.278    2.205   -2.165   -2.176    2.044 
3416.686    3.304   -2.906    0.825   -0.543   -3.247    2.996    0.722   -1.261 
3421.105   -0.079    0.334   -3.986    4.405   -0.772    0.332    1.652   -1.799 
3424.593   -1.204    1.019   -1.061    1.105   -2.448    2.494   -3.549    3.540 
3144.964   -2.304   -2.376    2.286    2.220    2.146    2.211   -2.287   -2.231 
3314.608   -2.720   -2.786    1.614    1.662   -2.309   -2.336    2.253    2.272 
3318.734    2.071    2.438    3.201    2.832    1.468    1.498    2.094    2.088 
3351.986    1.519    1.602    1.989    1.906   -3.046   -2.772   -2.316   -2.634 
3405.519    4.446   -4.152   -0.820    1.074    0.150   -0.002    1.283   -1.101 
3412.754   -0.351    0.535   -3.908    4.145   -1.434    1.509   -1.501    1.559 
3418.331   -1.537    1.358   -1.443    1.374    0.128    0.099    4.167   -4.053 
3425.261    0.146   -0.300    1.219   -1.476   -4.293    4.398    0.649   -0.462 
3148.246   -2.307   -2.382    2.343    2.239    2.202    2.188   -2.184   -2.233 
3323.506    3.018    3.290   -0.650   -0.354    3.180    3.179   -0.768   -0.710 
3325.516    0.851    0.549    3.314    3.085    0.558    0.548    3.093    3.185 
3361.824   -2.134   -2.243   -2.296   -2.184    2.331    2.404    2.390    2.324 
3416.621    4.285   -3.993    1.683   -2.047    0.530   -0.395   -0.420    0.126 
3422.419    1.627   -1.739   -3.942    4.112    0.383   -0.522   -1.356    1.328 
3424.577    1.024   -0.914   -0.852    0.942   -3.462    3.411    2.727   -2.767 
3427.530   -0.246    0.193    0.684   -0.738   -2.972    2.987   -3.450    3.385 
3142.812    2.294    2.345   -2.405   -2.279   -2.106   -2.111    2.205    2.293 
3314.023   -0.168   -0.603    3.329    3.181   -0.879   -0.738    2.963    3.141 
3323.689    3.171    3.184    0.694    0.804    3.217    3.117    0.330    0.553 
3356.119    2.207    2.292    1.777    2.203   -2.541   -2.232   -2.430   -2.517 
3406.772   -1.709    1.298   -4.210    4.257   -0.660    0.877    0.205    0.160 
3415.315    2.668   -2.799   -1.154    0.902    0.135   -0.189   -3.683    3.350 
3418.953   -3.390    3.301    1.198   -0.986    0.376   -0.542   -2.897    2.906 
3427.247    0.006   -0.019    0.693   -0.927   -4.393    4.607   -0.421    0.434 
3139.784   -2.179   -2.130    2.205    2.257    2.178    2.277   -2.441   -2.352 
3307.961   -0.524   -0.316    3.095    3.108    0.196   -0.070    3.346    3.248 
3320.141    3.559    3.369    0.428    0.386    2.793    3.088   -0.044    0.071 
3350.139   -2.032   -1.918   -2.561   -2.287    2.482    2.834    1.812    2.142 
3399.362    0.535   -0.661   -0.057   -0.150    0.651   -0.281    4.503   -4.473 
3410.021    1.749   -1.660   -4.151    4.274    0.378   -0.513   -0.244    0.208 
3419.457    3.747   -4.002    1.749   -1.781    1.616   -1.468   -0.622    0.775 
3420.045   -1.567    1.718   -0.355    0.051    4.473   -4.048   -0.322    0.150 
