  frez       Ax       Bx       By       Cy       Cx      Dx        Dy       Ay
2911.830    2.229    2.316   -2.135   -2.044   -2.263   -2.364    2.362    2.269 
3062.118   -3.286   -2.841    1.418    1.382   -2.213   -2.254    1.806    2.239 
3079.232    1.010    1.272    1.967    1.892    2.526    2.435    2.924    3.250 
3103.885   -2.624   -1.548   -3.084   -3.416    2.213    1.746    0.601    1.635 
3149.869    2.303   -3.195    0.364   -0.878    1.905   -1.447    3.470   -2.675 
3158.980    1.351   -1.941   -0.892    0.258   -3.897    4.310    1.084   -0.437 
3164.695    3.190   -3.084    0.519   -0.553    0.507   -0.659   -3.223    3.218 
3179.844   -0.404    0.667    4.547   -4.397   -0.965    0.735    0.013   -0.145 
2906.706    2.417    2.222   -2.015   -2.017   -2.045   -2.048    2.455    2.650 
3062.012    0.244   -0.116    2.507    2.511    1.612    2.011    3.316    3.279 
3075.042    3.553    3.235   -0.420   -0.413    2.641    2.803   -1.338   -1.169 
3106.558   -1.988   -1.695   -3.181   -3.154    2.042    2.679    1.765    0.434 
3135.981    0.392   -1.297   -0.532   -0.355    0.978   -0.197   -4.199    4.484 
3159.711   -4.294    4.627    0.320   -0.197    0.177    0.062   -0.727    1.026 
3172.274   -0.019   -0.008    0.733   -0.864    4.711   -4.196    0.810   -0.431 
3177.142   -0.254    0.294   -4.497    4.516    0.815   -0.748    0.179   -0.107 
2921.513   -2.148   -2.138    2.340    2.343    2.295    2.337   -2.250   -2.204 
3073.616    0.959    1.607    3.866    3.363   -0.259   -0.117    2.437    2.348 
3081.569    2.791    3.173   -0.414   -1.152    3.428    3.223   -0.278   -0.152 
3110.743   -1.862   -2.690   -1.402   -0.757    2.213    1.865    3.242    3.086 
3156.192    1.794   -0.645   -3.860    4.390   -1.201    1.482   -0.267    0.053 
3169.557   -1.225    0.724    0.813   -1.331   -4.192    4.440   -0.018    0.312 
3178.116   -0.771    0.556   -0.158    0.116    0.275   -0.327   -4.417    4.631 
3181.575    4.462   -3.984    1.745   -1.275   -0.657    0.502   -0.767    0.649 
2906.733    2.060    2.262   -2.260   -2.229   -2.304   -2.430    2.340    2.043 
3058.640   -2.745   -2.755    1.812    1.829   -2.225   -2.471    2.058    1.965 
3073.229    2.043    2.906    3.231    2.910    1.352    0.870    2.000    1.770 
3099.850    1.678    1.114    1.645    1.573   -3.367   -2.213   -2.261   -3.268 
3145.441   -2.742    2.695   -0.040    0.065   -2.783    2.414   -2.545    2.501 
3153.459   -1.781    1.488    3.766   -4.099    1.298   -1.728   -0.240   -0.519 
3159.945    2.758   -2.688    2.285   -2.265   -2.453    3.092    0.448    0.747 
3176.265   -2.068    1.356   -0.330   -0.130   -1.489    2.286    3.978   -3.540 
2922.084    2.325    2.307   -2.191   -2.188   -2.137   -2.153    2.366    2.386 
3077.912    1.567    2.105    3.405    2.815    1.439    1.426    2.301    2.384 
3084.250   -3.027   -3.311    1.021    1.259   -2.043   -2.091    2.308    2.242 
3114.261   -0.865   -1.693   -2.533   -1.799    3.138    3.162    2.042    2.111 
3164.640    4.330   -3.461   -1.590    2.570   -0.120   -0.232   -1.094    0.787 
3166.808   -1.050    0.802    0.149   -0.339    0.064   -0.092   -4.462    4.470 
3178.208   -1.983    2.241   -3.847    4.157   -0.723    0.655    0.195   -0.203 
3185.718   -0.329    0.375   -0.579    0.593    4.565   -4.524    0.102   -0.131 
2911.785   -2.094   -2.032    2.210    2.467    2.377    2.213   -2.299   -2.273 
3067.810    0.990    1.003    2.624    3.151    1.346    0.768    3.204    3.122 
3085.140    3.207    3.082   -1.248   -0.984    2.962    2.954   -1.067   -0.878 
3112.516    2.302    2.446    2.508    2.131   -2.171   -2.480   -2.179   -1.980 
3157.005    0.578   -0.710   -4.074    3.574    1.811   -2.437   -1.174    0.825 
3160.428   -0.226    0.042    0.887   -0.786   -0.458    0.576   -4.298    4.595 
3173.496    0.768   -0.568   -1.886    2.367   -4.118    3.865    0.036   -0.054 
3180.073   -4.459    4.521   -0.983    0.819   -0.282    0.273   -0.004    0.010 
2923.566   -2.161   -2.157    2.237    2.381    2.377    2.238   -2.253   -2.262 
3080.217   -0.277    0.088    2.547    2.854    0.763    0.652    3.478    3.704 
3085.987    3.609    3.150   -0.344   -0.076    3.079    2.961   -0.029   -0.633 
3115.568   -2.432   -1.799   -2.788   -2.877    2.212    2.590    1.370    1.751 
3165.935    0.990   -1.655    0.793   -0.703   -1.819    1.725    4.137   -3.677 
3172.990    1.137   -1.783   -3.207    2.678    2.765   -2.957    1.485   -1.184 
3179.543    0.494   -0.656    3.389   -3.431    3.078   -2.866    0.631   -0.341 
3183.554    3.937   -4.226    0.332   -0.337   -0.799    0.968   -1.699    2.036 
2916.595    2.256    2.439   -2.432   -2.251   -2.105   -2.072    2.202    2.244 
3075.761   -0.958   -1.333    3.011    2.448   -0.857   -0.850    3.230    3.435 
3083.603    3.090    3.320    1.265    1.515    2.849    2.839    0.764    0.663 
3115.103   -1.989   -1.738   -2.575   -2.174    2.683    2.831    1.947    2.094 
3162.082    3.582   -3.267    2.250   -2.909    0.131    0.315    1.491   -1.501 
3168.565   -0.618    0.336   -1.607    1.894   -0.721    0.480    4.268   -4.022 
3170.983   -2.964    2.955    3.234   -3.400   -0.352    0.467    0.997   -1.011 
3183.677   -0.305    0.221    0.075   -0.166    4.562   -4.507    0.735   -0.610 
2917.318    2.246    2.331   -2.313   -2.148   -2.127   -2.290    2.319    2.249 
3067.999    1.679    1.558   -2.736   -2.913    2.431    2.050   -2.219   -2.217 
3074.930    2.752    3.626    3.023    1.943    1.662    1.787    0.840    0.965 
3104.068   -1.406   -1.590   -0.807   -1.308    3.246    2.177    2.692    3.471 
3152.930   -2.081    1.385    3.430   -3.755    1.460   -2.524    0.236   -0.838 
3159.531   -3.917    3.437   -0.958    0.352   -1.522    1.530   -2.138    2.025 
3171.677    2.095   -1.908    1.907   -1.921   -1.192    0.529   -3.711    3.317 
3179.607   -0.107   -0.392    1.449   -2.223   -3.446    3.914    2.240   -1.647 
2910.191    2.095    2.173   -2.511   -2.452   -2.183   -2.218    2.185    2.141 
3064.058   -0.177   -0.252    3.336    3.337   -1.282   -1.272    2.806    2.766 
3080.376    3.065    3.137    0.597    0.704    3.180    3.123    0.903    0.913 
3106.890    2.617    2.473    1.406    1.837   -2.186   -1.922   -2.608   -2.819 
3144.433    0.442   -0.082    4.567   -4.432    0.359   -0.518    0.077   -0.293 
3166.347   -1.189    1.269    0.496   -0.454   -2.771    2.710   -3.408    3.411 
3167.975    0.640   -0.776    0.128   -0.288   -3.518    3.728    2.787   -2.584 
3175.050    4.366   -4.326   -0.241    0.111   -0.178    0.240   -1.376    1.463 
2915.418   -2.388   -2.539    2.365    2.215    2.124    2.123   -2.112   -2.117 
3072.232   -3.209   -3.314    0.538    0.221   -2.748   -2.753    1.392    1.634 
3083.212    1.202    1.090    3.377    3.129    0.702    0.693    2.841    2.967 
3112.614   -1.880   -1.222   -2.232   -2.059    2.860    2.855    2.144    2.549 
3151.826   -4.366    4.450   -0.534    1.108   -0.340   -0.094   -0.813    0.464 
3170.431    0.740   -0.965   -4.316    4.603   -0.592    0.477    0.106    0.059 
3176.635   -0.491    0.323    0.335   -0.372   -3.422    3.485    3.077   -2.853 
3178.677    0.617   -0.390    0.414   -0.439   -2.982    2.951   -3.560    3.299 
2914.050   -2.127   -2.124    2.144    2.130    2.129    2.396   -2.580   -2.334 
3072.623    1.531    1.573   -2.940   -2.936    0.678    1.279   -3.254   -2.566 
3086.101    2.945    2.876    1.237    1.258    2.824    3.158    1.116    1.577 
3116.185   -2.367   -2.253   -2.358   -2.516    2.335    2.347    1.911    2.138 
3155.610   -0.376   -0.011   -0.130    0.496   -1.944    1.065   -3.982    4.505 
3173.417    0.116    0.027    4.171   -4.097    1.729   -1.746   -1.006    0.849 
3177.078    2.008   -1.947   -1.843    1.715    3.652   -3.393   -1.350    1.108 
3178.085   -4.057    4.209   -0.768    0.815    1.839   -1.703   -0.481    0.338 
2915.034    2.419    2.340   -2.281   -2.355   -2.189   -2.081    2.110    2.224 
3069.482    2.848    2.856    2.486    2.421    2.085    2.019    1.505    1.498 
3080.457    2.245    2.031   -2.167   -2.074    1.746    1.694   -2.783   -3.122 
3108.439   -1.337   -1.551   -2.468   -1.828    2.768    3.212    2.301    2.158 
3153.565   -4.190    4.177    1.554   -1.902   -0.217    0.548    0.127   -0.069 
3163.323   -1.632    1.856   -3.843    3.925    1.058   -1.277   -1.213    1.068 
3169.538   -0.327    0.431   -1.333    1.688   -2.081    1.602    3.875   -3.873 
3180.330   -0.155   -0.035    0.482   -0.716    4.054   -3.961    2.336   -1.942 
2922.897   -2.204   -2.374    2.380    2.322    2.301    2.194   -2.139   -2.142 
3084.500    2.697    2.934    0.630    1.144    3.169    3.239    1.498    1.146 
3087.963   -0.914   -1.369    3.003    2.635   -1.118   -1.057    3.306    3.133 
3121.050    2.489    2.486    2.510    2.556   -1.685   -2.375   -2.282   -1.722 
3171.027   -1.947    1.282   -2.808    2.722    2.827   -2.802   -1.315    1.886 
3175.219   -2.980    2.756   -1.570    2.137   -3.050    2.444    1.136   -1.389 
3181.259   -2.867    2.885    2.964   -2.901    0.247    0.122   -1.907    2.174 
3185.025    1.379   -1.339   -1.087    1.119   -2.234    2.416   -3.489    3.621 
2915.639   -2.068   -2.068    2.182    2.189    2.199    2.379   -2.534   -2.364 
3070.989   -1.247   -1.026    2.978    2.975   -0.186   -0.564    3.292    3.133 
3086.160    3.068    2.947    0.507    0.519    3.080    3.418    0.896    1.070 
3112.599    2.680    2.278    2.610    2.585   -2.048   -2.246   -1.419   -2.131 
3153.033    0.426   -0.768   -0.076   -0.388    1.306   -0.613    4.422   -4.340 
3171.309   -0.420    0.530    4.182   -4.229    1.749   -1.612   -0.520    0.394 
3173.009    0.283   -0.116   -1.798    1.662    4.299   -3.971   -1.001    0.772 
3182.512   -4.354    4.680   -0.480    0.516    0.134   -0.127    0.464   -0.758 
2921.409    2.155    2.250   -2.333   -2.241   -2.237   -2.362    2.304    2.171 
3070.063    1.251    1.076   -2.909   -3.355    2.687    2.080   -1.971   -1.819 
3080.024    2.763    3.656    2.577    1.623    2.088    2.063    1.140    1.127 
3107.466    1.827    2.122    0.695    1.135   -2.776   -1.650   -3.168   -3.389 
3153.686   -1.159    0.630    3.804   -3.617    1.690   -2.965    0.047   -0.693 
3167.778   -3.516    2.779    0.489   -1.243   -2.243    2.257   -2.136    2.288 
3176.701   -2.382    2.449   -2.296    2.550    2.916   -3.053   -0.750    0.414 
3180.788    2.300   -1.776    0.461    0.043    0.822   -1.246   -4.012    3.894 
2921.468   -2.322   -2.269    2.315    2.393    2.219    2.162   -2.159   -2.215 
3076.301    0.248    0.277    3.230    3.965   -1.465   -0.828    2.455    2.495 
3080.831    3.087    3.112    0.725    0.268    3.474    3.025    0.521    0.526 
3111.281    2.267    2.524    0.959    1.547   -2.185   -1.680   -3.202   -2.998 
3159.314   -1.030    0.998    4.631   -3.750    0.878   -1.804   -0.066    0.021 
3170.890    3.955   -3.869    0.437   -0.019    1.855   -2.282   -1.176    1.024 
3175.182    2.190   -2.092    1.557   -1.626   -3.156    3.357    1.729   -1.877 
3181.504   -0.176    0.027    0.498   -0.717   -1.834    2.195   -4.034    4.111 
2911.979    2.365    2.242   -2.179   -2.293   -2.162   -2.050    2.282    2.408 
3065.289    1.578    1.583    2.880    2.877    1.664    1.649    2.652    2.660 
3080.887   -3.155   -3.271    0.959    1.050   -2.211   -2.123    2.234    2.121 
3106.416   -1.215   -1.835   -2.811   -2.164    2.708    3.204    2.113    1.414 
3152.331    2.265   -2.374   -1.519    1.515    1.022   -0.905   -3.479    3.468 
3160.342    2.917   -2.330   -2.137    2.721   -0.492   -0.227    2.508   -3.025 
3167.093   -2.860    2.931   -3.461    3.332    0.907   -0.993   -0.120    0.262 
3178.880    0.137   -0.296    0.841   -1.149    4.473   -4.267    1.063   -0.786 
2924.214    2.154    2.157   -2.285   -2.304   -2.322   -2.405    2.267    2.177 
3072.545   -1.302   -1.284    2.459    3.495   -3.200   -2.365    1.460    1.274 
3087.672    2.441    2.599    2.249    2.108    2.241    2.212    2.208    2.189 
3115.470    2.761    2.941    0.742    1.546   -1.947   -0.779   -3.119   -2.907 
3158.234    0.042   -0.448   -3.640    2.360   -2.599    3.920   -0.004    0.674 
3173.289    1.069   -0.804   -3.264    3.279    3.102   -2.965    0.283   -0.493 
3182.945    1.767   -1.624    0.362   -0.400   -0.589    0.730    4.101   -4.298 
3185.390    4.225   -4.092    0.876   -0.635   -0.314    0.159   -1.757    1.806 
2916.951   -2.288   -2.201    2.168    2.275    2.384    2.322   -2.170   -2.217 
3068.044    2.848    3.199    1.129    0.430    3.279    2.918    1.010    1.055 
3074.575    0.137   -0.255   -3.470   -3.975    1.984    1.238   -2.003   -1.958 
3104.792   -2.000   -2.950   -1.122   -0.784    1.744    1.444    3.516    3.073 
3152.209    1.795   -1.073   -2.904    2.483   -2.942    3.696   -0.076   -0.296 
3158.577    2.929   -2.233   -1.865    2.485    2.725   -2.995   -1.122    0.819 
3173.286    3.157   -3.182    3.164   -2.656   -1.189    0.923   -1.171    1.048 
3177.829   -1.573    1.110   -0.500    0.177   -0.306    0.606   -4.119    4.546 
2922.901    2.184    2.174   -2.258   -2.286   -2.334   -2.392    2.251    2.185 
3072.745   -1.542   -1.535    2.271    3.267   -3.365   -2.537    1.280    1.112 
3085.184    2.326    2.475    2.459    2.437    1.942    2.012    2.292    2.265 
3113.928    2.682    2.935    0.836    1.526   -1.927   -0.880   -3.162   -2.903 
3157.787    0.137   -0.465   -3.345    2.120   -2.895    4.125    0.031    0.505 
3172.138    1.420   -1.163   -3.426    3.389    2.847   -2.682   -0.022   -0.137 
3181.629   -3.552    3.304   -0.942    0.783    0.621   -0.585   -2.749    2.979 
3182.224    2.747   -2.746    0.934   -0.704   -0.282    0.095   -3.510    3.645 
2913.416    2.426    2.398   -2.220   -2.156   -2.036   -2.101    2.298    2.346 
3072.779    2.382    2.384   -2.012   -1.979    1.698    1.734   -2.791   -2.892 
3078.899    2.749    2.402    2.593    2.588    2.138    2.183    1.491    1.799 
3111.547    1.676    1.375    2.118    2.424   -3.115   -2.842   -1.838   -2.331 
3155.574   -4.369    4.677   -0.250    0.579   -0.205    0.175   -0.113    0.127 
3162.205   -0.172    0.202    0.565   -0.569    0.619   -0.242    4.700   -4.289 
3169.766   -0.318    0.530    4.454   -4.270    0.948   -1.264   -0.778    0.546 
3182.187    0.034   -0.096    1.092   -1.258   -4.390    4.466    0.359   -0.195 
2922.477    2.233    2.210   -2.246   -2.275   -2.204   -2.185    2.340    2.373 
3079.135    0.335    0.338    3.064    3.072    0.706    0.725    3.276    3.281 
3089.075    3.288    3.285   -0.418   -0.418    3.072    3.110   -0.613   -0.629 
3116.493    2.169    2.278    2.529    2.384   -2.345   -2.526   -2.065   -1.910 
3166.286   -0.009   -0.073   -0.443    0.364    0.657   -0.536   -4.486    4.538 
3173.499    1.517   -1.412   -4.278    4.363   -0.032   -0.085    0.361   -0.435 
3179.356   -4.132    4.138   -1.428    1.406   -1.403    1.383   -0.085    0.092 
3181.729   -1.363    1.322   -0.424    0.320    4.385   -4.280    0.648   -0.543 
2923.981    2.147    2.149   -2.269   -2.315   -2.322   -2.390    2.288    2.188 
3085.843   -1.129   -1.114    3.149    3.199   -1.420   -1.771    2.777    2.491 
3088.541    2.908    2.966    1.197    1.265    2.897    2.911    1.487    1.570 
3121.895    2.478    2.574    2.004    1.939   -2.065   -2.022   -2.588   -2.515 
3172.637    0.433   -0.311   -0.608    0.397    4.498   -4.309    0.896   -1.226 
3174.193   -0.571    0.550    4.509   -4.492    0.510   -0.390    0.473   -0.458 
3181.802   -1.078    0.968    0.218   -0.190    1.092   -1.224   -4.233    4.405 
3185.927    4.460   -4.402    0.711   -0.611   -0.067    0.024   -1.006    1.050 
2919.276    2.233    2.224   -2.122   -2.210   -2.387   -2.422    2.271    2.163 
3075.977    3.522    3.226   -0.518   -0.404    2.884    3.027   -0.608   -0.613 
3088.017    0.224    0.462    2.836    3.055    1.025    0.531    3.369    3.385 
3116.113   -2.299   -1.762   -2.671   -2.693    2.259    2.410    1.732    2.250 
3163.617    1.387   -1.652   -0.693    0.182    4.175   -3.949    1.259   -1.379 
3168.586   -3.665    4.152    0.028   -0.023    1.826   -1.992   -1.658    1.052 
3178.337    1.715   -1.635   -1.208    1.271    0.420   -0.705   -4.075    4.013 
3183.398    0.676   -0.615    4.487   -4.311    0.622   -0.510   -0.965    1.037 
2901.827   -2.206   -2.282    2.352    2.343    2.457    2.336   -1.923   -1.982 
3056.753    2.895    3.148   -0.245    0.130    3.373    3.254    0.557    0.550 
3072.910    0.785    0.550    3.763    3.486   -0.860   -1.031    2.447    2.510 
3104.520   -2.107   -2.694   -1.387   -1.239    1.396    1.857    3.360    3.110 
3140.290   -0.045    0.355    1.278   -1.000   -4.334    4.385    0.227   -0.492 
3151.478   -1.681    1.438   -3.956    4.324   -1.195    0.822    0.131   -0.029 
3155.054    4.481   -4.021   -1.438    1.505   -0.652    0.508   -0.457   -0.042 
3181.199   -0.325    0.147    0.048   -0.114   -0.270    0.426   -4.507    4.630 
2924.333   -2.168   -2.193    2.356    2.340    2.282    2.295   -2.229   -2.214 
3081.801   -0.716   -0.748    3.199    3.380   -1.574   -1.357    2.725    2.672 
3087.269    2.741    2.763    0.858    0.781    3.214    3.229    1.564    1.438 
3117.216   -2.848   -2.809   -1.731   -2.078    1.774    1.645    2.575    2.451 
3167.179    0.125    0.031    4.140   -3.796    2.116   -2.394   -0.147    0.093 
3173.623    0.044   -0.076   -2.135    2.200    3.772   -3.695   -1.451    1.601 
3179.018   -1.220    1.226    0.630   -0.645   -1.269    1.360   -4.121    4.225 
3185.083    4.435   -4.425    0.130   -0.193   -0.409    0.465   -1.105    1.158 
2913.714   -2.367   -2.423    2.249    2.262    2.306    2.264   -2.067   -2.051 
3067.808    3.269    3.362    0.092    0.258    3.151    3.021   -0.261   -0.256 
3085.016    0.493    0.410    3.465    3.561   -0.386   -0.515    2.847    2.843 
3111.679   -1.919   -1.843   -1.757   -1.822    2.462    2.283    2.866    2.949 
3153.921    4.565   -4.497    0.095   -0.224    0.359   -0.284    0.235   -0.224 
3163.002    0.320   -0.297    0.245   -0.186   -4.440    4.652    0.172    0.002 
3169.476   -0.111    0.264    4.621   -4.501    0.248   -0.175    0.179   -0.182 
3184.489   -0.254    0.201   -0.205    0.178    0.082   -0.034    4.605   -4.565 
2918.019    2.303    2.403   -2.456   -2.381   -2.151   -2.124    2.077    2.108 
3076.072    0.682    0.971   -2.974   -3.242    2.441    1.937   -2.328   -2.351 
3080.731    3.087    3.242    1.781    1.820    2.573    2.466    1.077    1.096 
3113.489   -1.917   -2.238   -0.900   -1.677    2.457    1.957    3.172    3.080 
3155.917    1.019   -0.561    4.573   -4.115    0.668   -1.321   -0.189   -0.225 
3166.561    4.644   -4.337   -0.911    0.727    0.044    0.077   -0.148   -0.075 
3176.115    0.184   -0.142    0.805   -1.147   -4.104    4.531    1.143   -1.149 
3184.543   -0.025   -0.039    0.221   -0.340   -1.021    1.195   -4.433    4.465 
2916.398    2.179    2.165   -2.138   -2.193   -2.354   -2.513    2.322    2.136 
3075.789    3.183    3.257   -0.576   -0.577    2.911    3.378   -0.418    0.006 
3085.397    0.517    0.616    3.377    3.370    0.561   -0.017    3.202    2.781 
3116.418   -2.144   -2.445   -2.206   -1.940    2.144    2.147    2.690    2.474 
3159.968    0.443   -0.179   -0.471    0.036    4.627   -4.175    0.701   -1.342 
3171.559   -4.153    3.910    1.976   -2.256    0.439   -0.248    0.294   -0.205 
3177.629   -2.011    1.952   -3.594    3.619    0.307   -0.496   -1.904    2.055 
3179.708    0.699   -0.927    1.888   -1.824    0.940   -1.062   -3.787    4.184 
2915.871    2.275    2.251   -2.319   -2.210   -2.088   -2.177    2.317    2.376 
3069.833    0.988    1.201   -2.958   -3.277    1.640    1.252   -2.681   -2.813 
3084.417    2.863    2.468    1.258    1.060    3.242    3.162    1.247    1.617 
3108.858   -2.880   -2.461   -1.462   -2.598    2.296    1.485    2.187    2.451 
3159.601    1.300   -0.808    3.984   -3.256    1.504   -2.262    1.480   -1.788 
3162.822   -0.750    0.678   -1.469    1.289   -0.222    0.828    4.500   -3.977 
3174.274   -4.015    4.619    1.056   -0.340    1.096   -1.362   -0.384    0.277 
3178.461    0.728   -0.823   -2.127    2.336    3.906   -3.949   -0.133    0.082 
2918.702    2.241    2.234   -2.150   -2.166   -2.337   -2.470    2.277    2.152 
3074.909    3.155    3.272   -0.315   -0.457    3.055    3.328   -0.265    0.014 
3087.264    0.419    0.571    3.522    3.428    0.177   -0.083    3.063    2.772 
3114.878   -2.066   -2.428   -2.057   -1.875    2.225    2.060    2.794    2.610 
3161.265    0.322   -0.119    0.336   -0.433    4.595   -4.371    0.461   -0.877 
3168.854    4.492   -4.154   -1.319    1.627   -0.131    0.053   -0.044   -0.085 
3178.801   -1.363    1.453   -4.154    4.207    0.598   -0.585   -1.084    1.132 
3180.958    0.312   -0.508    1.146   -1.061    0.471   -0.643   -4.231    4.562 
2917.020    2.428    2.259   -2.179   -2.090   -2.122   -2.219    2.272    2.434 
3077.850   -2.527   -2.386    1.943    2.142   -2.754   -2.572    1.906    1.794 
3083.606    2.197    1.357    2.639    2.635    2.053    2.089    2.028    2.890 
3115.272   -2.664   -2.120   -1.813   -2.588    2.512    1.686    2.084    2.568 
3166.234    2.266   -3.050   -0.526   -0.117   -1.325    0.893   -3.806    3.154 
3167.626    2.576   -2.625    2.488   -2.241    2.478   -2.971    0.830   -1.174 
3175.591    2.270   -2.845   -1.791    1.105   -1.783    2.470    3.043   -2.415 
3182.143    0.403   -0.617   -3.658    3.585    2.820   -2.700   -0.316    0.218 
2911.445   -2.012   -2.075    2.160    2.318    2.416    2.409   -2.387   -2.176 
3072.239    1.776    1.602   -2.644   -2.894    0.876    1.543   -3.028   -2.815 
3080.901    2.768    2.752    0.743    1.387    3.269    2.645    1.738    1.778 
3113.467   -2.776   -2.112   -2.313   -2.814    2.145    2.038    1.456    2.311 
3155.309    0.490   -0.984   -0.870    0.024    3.391   -3.181    2.770   -3.188 
3165.359    1.145   -1.235    2.549   -2.276   -2.047    2.769    3.079   -2.426 
3172.588    0.294    0.268    4.059   -3.520    1.914   -2.067   -1.705    1.443 
3180.810   -4.189    4.520    0.717   -0.453   -0.102    0.109    1.120   -1.473 
2915.707    2.206    2.273   -2.406   -2.354   -2.261   -2.174    2.128    2.208 
3070.114    1.553    1.470    2.433    2.499    1.430    2.124    3.267    2.698 
3072.723   -1.536   -1.844    2.155    2.542   -3.615   -3.103    0.751    1.051 
3105.484    2.927    3.518    1.505    2.025   -0.744   -1.228   -2.917   -1.902 
3151.289    0.390   -0.454    3.418   -2.899    2.870   -2.974   -0.971    1.690 
3159.595    0.144   -0.659   -3.280    3.122    2.749   -2.132   -1.536    2.480 
3173.370    4.003   -3.600    0.199   -0.429   -1.536    1.858   -2.023    1.667 
3177.258    2.727   -2.196   -0.408    0.662    1.513   -2.030    3.119   -3.615 
2904.581   -2.144   -2.107    2.091    2.206    2.570    2.514   -2.141   -2.124 
3058.680    2.929    2.894   -0.157   -0.019    3.332    3.291    0.994    1.053 
3077.483   -0.368   -0.379    3.220    3.384   -0.324   -0.742    3.139    2.984 
3104.101    2.628    2.828    2.294    2.198   -1.396   -1.775   -2.512   -2.247 
3135.968    0.054   -0.246   -0.646    0.098    4.547   -4.447   -0.127    0.047 
3162.829   -4.200    4.126    1.694   -1.779    0.365   -0.217    0.700   -0.554 
3168.438   -1.363    1.174   -1.573    1.491   -0.182    0.150   -4.001    4.223 
3169.415    1.313   -1.424    3.979   -3.864    0.330   -0.167   -1.803    1.977 
2917.759    2.252    2.242   -2.092   -2.094   -2.381   -2.448    2.280    2.229 
3072.090    3.034    3.024   -0.554   -0.695    3.347    3.320   -0.080    0.080 
3087.508    0.066    0.021    2.995    3.123    0.544    0.526    3.401    3.304 
3113.159    2.533    2.543    2.430    2.738   -2.036   -1.576   -2.114   -2.074 
3156.428   -0.311    0.092   -0.658    0.334   -4.413    4.596   -0.187    0.472 
3169.588   -4.539    4.552    0.341   -0.286    0.183   -0.204   -0.344    0.383 
3174.156    0.312   -0.405   -0.242    0.287    0.285   -0.413   -4.494    4.596 
3183.931    0.336   -0.288    4.676   -4.414   -0.604    0.395   -0.281    0.267 
2919.149    2.207    2.287   -2.204   -2.130   -2.312   -2.401    2.291    2.207 
3069.731   -2.576   -2.623    1.248    1.628   -3.448   -3.359    0.268    0.525 
3080.715    0.264    0.309    2.504    2.620    0.894    1.636    3.786    3.227 
3106.866    3.104    2.811    2.272    3.068   -1.523   -1.030   -1.806   -1.665 
3153.312   -0.332   -0.054   -1.747    0.772   -4.237    4.269    0.630   -1.041 
3165.803    2.647   -2.744    0.842   -0.870    0.202   -0.532    3.410   -3.713 
3174.397    3.601   -3.636    0.092   -0.296   -0.576    0.828   -2.492    2.905 
3179.328   -0.592    0.881    4.501   -4.088   -1.603    1.079   -0.468    0.235 
2906.766   -2.282   -2.495    2.419    2.221    2.265    2.166   -1.982   -2.086 
3063.604    2.624    3.177    0.184    0.655    3.287    3.445    0.787    0.592 
3077.149    0.194   -0.670    3.553    2.741   -0.870   -0.660    3.166    3.097 
3105.633   -2.053   -2.820   -2.348   -2.050    1.380    2.346    2.824    2.037 
3152.956    3.837   -3.283    0.509   -1.195    2.675   -2.089   -1.256    1.054 
3154.736   -2.403    1.455   -2.022    2.231    3.422   -3.309   -0.181    1.337 
3165.058    1.986   -1.748   -3.560    4.247   -1.645    1.115   -0.279   -0.094 
3178.330   -0.820    0.437    0.142   -0.286   -1.055    1.460   -4.173    4.522 
2898.583   -2.124   -2.230    2.195    2.399    2.597    2.373   -2.008   -1.903 
3053.601    3.154    3.194   -0.824   -0.354    3.470    2.791   -0.159   -0.172 
3073.890    0.876    0.850    2.881    3.830    0.278   -0.637    2.910    2.814 
3101.436   -2.522   -1.829   -1.575   -2.039    2.509    1.431    2.673    3.083 
3137.644   -0.170    0.358    1.047   -0.518   -3.807    4.901    0.193    0.970 
3149.562    4.015   -4.006    2.003   -1.935    0.293    0.081    1.017   -0.480 
3158.888   -1.595    2.297    4.480   -3.484    0.797   -0.924   -0.280    0.018 
3178.338   -0.915    0.652   -0.172    0.056   -0.215    0.499    4.577   -4.418 
2914.959    2.060    2.091   -2.360   -2.370   -2.265   -2.337    2.321    2.195 
3068.031    0.548    1.080    3.809    3.242   -0.124   -0.392    2.799    2.589 
3081.349    3.097    3.589   -0.135   -0.566    2.977    3.116   -0.420   -0.187 
3107.957   -1.706   -2.394   -1.944   -0.926    2.557    2.331    2.831    2.875 
3152.918    1.532   -0.433   -3.936    4.826   -0.172   -0.146   -0.206   -0.144 
3165.355    0.764   -0.547    0.079   -0.180    3.214   -2.998    3.069   -3.471 
3171.566    0.574   -0.551    0.138   -0.086   -3.270    3.429    3.133   -3.000 
3179.245    4.655   -4.073    1.265   -0.819   -0.073    0.001   -0.886    0.876 
2922.223    2.237    2.235   -2.153   -2.158   -2.382   -2.390    2.254    2.249 
3070.636    2.274    2.269    0.151   -0.065    3.300    3.831    1.945    1.228 
3083.374   -1.184   -1.187    2.750    3.097   -1.178   -0.318    3.407    2.929 
3110.165    3.030    3.030    2.518    2.960   -1.036   -1.265   -1.967   -1.284 
3153.086   -0.053   -0.118    0.927   -0.463    4.437   -3.913   -0.951    2.107 
3173.089   -1.352    1.174   -0.989    0.672   -1.096    1.681   -3.813    4.331 
3176.049   -4.288    4.357    1.189   -1.019    0.123   -0.346    0.943   -1.090 
3182.657    0.896   -0.821    4.495   -4.127   -1.167    0.872   -0.837    0.794 
2919.158    2.186    2.214   -2.243   -2.167   -2.222   -2.310    2.359    2.340 
3073.434    1.799    1.820   -2.610   -2.967    2.234    1.872   -2.296   -2.333 
3085.466    2.143    2.011    1.643    1.495    2.992    2.859    2.222    2.465 
3110.943   -3.080   -2.663   -1.849   -2.772    2.053    1.129    1.848    2.236 
3161.964    0.941   -0.680    2.410   -1.756    2.636   -3.102    2.650   -2.793 
3167.046   -0.156   -0.308   -2.041    1.381   -1.749    2.504    3.883   -3.348 
3176.674   -2.492    2.583   -2.735    2.920    2.588   -2.508    0.175   -0.265 
3179.525   -3.540    3.910    2.517   -2.145   -1.285    1.076    0.471   -0.588 
2914.153   -2.142   -2.170    2.270    2.484    2.506    2.296   -2.059   -2.036 
3075.147    3.205    3.213    0.237    0.807    3.344    2.727    0.871    0.872 
3082.232   -0.227   -0.243    3.134    3.587   -1.000   -1.364    2.832    2.817 
3115.548   -2.444   -2.323   -1.742   -1.858    2.144    1.882    2.756    2.856 
3157.679   -0.007   -0.342   -2.939    2.271    3.345   -4.037   -0.302   -0.168 
3167.030    0.389   -0.218    3.854   -3.587    2.611   -2.648    0.138   -0.187 
3172.659   -4.486    4.539    0.216   -0.138    0.270   -0.354   -0.741    0.632 
3184.574   -0.729    0.659   -0.167    0.121    0.029    0.016    4.551   -4.530 
2914.795    2.261    2.234   -2.343   -2.259   -2.074   -2.155    2.320    2.361 
3069.886   -0.374   -0.471    3.337    3.217   -0.640   -0.632    2.947    3.155 
3083.841    3.469    3.309    0.907    0.738    2.918    2.946    0.038    0.339 
3110.532    2.034    1.937    1.853    2.056   -2.865   -2.518   -2.101   -2.661 
3158.984   -0.039    0.001   -4.125    4.181   -0.859    0.956   -1.642    1.649 
3162.408    0.021   -0.037   -1.706    1.690    0.419    0.135    4.469   -3.963 
3169.774   -4.479    4.647    0.119   -0.002   -0.260    0.292    0.088   -0.030 
3180.825    0.216   -0.352    0.676   -0.916   -4.408    4.559    0.586   -0.337 
2915.694    2.472    2.323   -2.093   -2.054   -2.091   -2.133    2.337    2.472 
3075.342    2.000    1.501    2.039    2.021    2.536    3.020    2.394    2.376 
3079.030   -2.804   -2.727    1.712    1.681   -1.799   -1.762    2.702    2.613 
3112.556   -2.218   -1.766   -3.014   -3.139    2.058    2.524    1.754    1.010 
3154.868    1.515   -2.175   -0.253   -0.299    1.155   -0.665   -3.928    4.128 
3163.133   -4.002    4.309    0.020    0.215    0.471   -0.215   -1.695    1.980 
3175.205   -0.044    0.118    1.302   -1.253    4.497   -4.078    1.117   -0.780 
3184.025   -0.036    0.122    4.432   -4.390   -1.344    1.135   -0.370    0.231 
2911.372    2.445    2.435   -2.132   -2.031   -2.085   -2.147    2.318    2.362 
3067.753    2.406    2.174    1.140    1.144    2.907    3.772    1.917    1.304 
3071.377    2.150    2.333   -2.013   -1.842    0.970    0.608   -3.535   -3.151 
3106.037    2.337    1.744    3.329    3.401   -1.627   -2.330   -1.446   -0.475 
3150.661    1.947   -2.405   -0.042   -0.601    1.995   -0.898   -3.239    4.015 
3152.892   -3.913    3.991   -0.168    0.492    0.830   -0.387   -1.841    2.381 
3168.678   -0.234    0.335    1.112   -1.061    4.394   -3.837    1.809   -1.407 
3181.129    0.268   -0.475   -4.424    4.449    1.170   -0.938    0.429   -0.231 
2914.974    2.046    2.078   -2.147   -2.241   -2.432   -2.420    2.366    2.256 
3078.036   -0.998   -1.002    2.911    3.133   -0.272   -0.733    3.300    3.119 
3079.874    2.753    2.773   -0.018    0.266    3.513    3.270    1.197    1.324 
3116.386    2.907    2.728    2.419    2.760   -1.717   -1.671   -1.714   -1.934 
3158.137    0.224   -0.294   -0.546    0.148    4.140   -4.188    1.564   -1.982 
3165.155    0.428   -0.462    0.584   -0.595   -1.578    1.913    4.210   -4.097 
3175.773    0.326   -0.029    4.714   -4.323    0.603   -0.519   -0.421    0.431 
3183.607   -4.516    4.605    0.273   -0.155    0.072   -0.103    0.440   -0.552 
2921.003   -2.187   -2.133    2.126    2.157    2.256    2.415   -2.444   -2.317 
3084.706   -1.269   -1.300    3.037    3.050   -0.601   -1.096    3.264    2.767 
3086.101    2.949    2.859    0.864    0.878    3.019    3.307    1.112    1.434 
3121.143    2.402    2.515    2.555    2.429   -2.008   -2.205   -2.149   -1.961 
3167.641   -0.039   -0.372   -0.056    0.318   -2.659    2.114   -3.618    4.110 
3174.770   -0.686    0.765    0.487   -0.291   -3.968    3.732    2.359   -2.320 
3180.862   -3.308    3.228    3.069   -3.159    0.613   -0.481   -0.551    0.707 
3184.434   -3.103    3.174   -3.357    3.339    0.196   -0.189   -0.074    0.124 
2909.754    2.101    2.048   -2.085   -2.204   -2.418   -2.532    2.354    2.194 
3071.856    2.958    2.919    0.235    0.379    3.103    3.372    1.061    1.324 
3077.820   -0.786   -0.784    3.168    3.305   -0.252   -1.082    3.295    2.683 
3112.054    2.530    2.808    2.441    2.202   -1.623   -1.992   -2.441   -1.995 
3150.585    0.246   -0.081   -0.997    0.257    4.658   -4.113    0.579   -1.117 
3166.322    0.876   -1.244   -1.283    1.321    0.500   -0.727   -3.953    4.432 
3171.735   -2.385    2.071    3.500   -3.648    1.040   -0.744   -1.337    1.722 
3177.234    3.879   -3.831    2.535   -2.389    0.208   -0.127    0.181   -0.283 
2919.200   -2.097   -2.106    2.266    2.445    2.344    2.240   -2.302   -2.226 
3076.972    0.604    0.782    3.026    3.319    0.713    0.189    3.195    3.096 
3088.869    3.321    3.389   -0.646   -0.453    3.060    2.920   -0.688   -0.564 
3117.746    2.069    2.254    2.379    1.938   -2.565   -2.443   -2.207   -2.365 
3164.160   -0.854    0.740    4.316   -4.143   -1.174    1.751   -0.009    0.413 
3170.423   -0.607    0.648   -0.517    0.652   -0.825    0.605   -4.402    4.468 
3179.067    0.716   -0.591   -1.162    1.498   -4.194    4.340    0.899   -0.651 
3183.434    4.505   -4.354    0.992   -0.773    0.272   -0.267   -0.743    0.821 
2906.409    1.977    2.074   -2.257   -2.240   -2.321   -2.362    2.405    2.298 
3061.148   -1.092   -1.083    2.977    3.079   -0.666   -0.729    3.146    3.080 
3072.943    2.221    2.318   -0.071    0.023    3.654    3.523    1.656    1.579 
3104.164   -3.394   -2.996   -2.156   -2.826    1.393    1.117    1.334    1.843 
3146.650    0.509   -0.849    0.588   -0.781    1.307   -1.202    4.249   -4.252 
3152.079   -0.189   -0.184   -1.159    0.848   -4.092    4.313    1.515   -1.270 
3158.791    0.728   -0.239    4.534   -4.149   -1.238    1.142   -0.428    0.390 
3179.378   -4.407    4.602    0.715   -0.419   -0.008   -0.123    0.489   -0.748 
2915.960    2.223    2.266   -2.175   -2.137   -2.377   -2.459    2.231    2.141 
3067.148   -2.718   -2.764    1.232    1.573   -3.433   -3.133    0.597    0.477 
3085.724    1.141    1.132    3.049    3.283    0.820    0.981    2.996    2.911 
3108.542   -2.671   -2.524   -1.617   -2.314    2.204    1.184    2.597    2.657 
3151.795   -0.552    0.098   -1.454    0.633   -4.037    4.663   -0.159    0.700 
3167.150   -4.421    4.495   -0.035    0.216    0.367   -0.498   -0.958    0.832 
3175.740   -0.223    0.394    4.603   -4.213   -1.289    0.933    0.364   -0.446 
3177.727    0.944   -0.863    0.601   -0.441    0.122   -0.349   -4.428    4.485 
2928.144    2.322    2.310   -2.233   -2.216   -2.253   -2.254    2.244    2.275 
3088.141    3.158    3.111    0.570    0.607    3.179    3.271    0.579    0.569 
3092.370   -0.653   -0.757    3.101    3.049   -0.490   -0.434    3.292    3.279 
3122.849    2.265    2.252    2.487    2.466   -2.168   -2.356   -2.230   -2.058 
3177.863   -4.151    4.215    0.154   -0.050   -1.666    1.596    0.935   -0.925 
3179.364    1.886   -1.815   -0.244    0.291   -3.349    3.164    2.545   -2.726 
3182.950    0.143   -0.212   -1.752    1.748   -2.527    2.510   -3.426    3.405 
3185.934   -0.295    0.282   -4.212    4.271    1.196   -1.215    1.284   -1.247 
2924.771   -2.252   -2.377    2.344    2.213    2.171    2.212   -2.270   -2.239 
3080.559    2.323    2.221   -2.261   -1.989    1.678    1.656   -2.728   -3.026 
3088.848    2.356    2.349    1.827    1.847    2.593    2.899    2.261    1.938 
3116.519   -2.492   -1.779   -2.744   -2.786    2.271    2.480    1.555    1.833 
3166.970    2.759   -3.274    0.748   -1.208   -0.306    0.356    3.417   -3.086 
3175.205    2.165   -1.905    2.335   -2.549    2.437   -2.066   -2.316    2.481 
3180.870   -2.669    2.839    2.937   -2.811    1.287   -1.404    1.742   -1.945 
3182.981   -0.091   -0.138   -2.375    2.459    3.857   -3.638    1.212   -0.938 
2918.012    2.177    2.332   -2.386   -2.229   -2.111   -2.181    2.348    2.261 
3066.660   -0.236   -0.253    2.402    2.223    0.678    1.660    4.154    3.119 
3077.756    2.609    2.720   -1.122   -0.908    3.065    3.866    0.046   -0.891 
3106.394    3.111    2.692    2.872    3.097   -1.071   -1.720   -1.403   -0.851 
3153.164   -0.983    1.183   -0.098    0.095    2.190   -0.725   -3.470    4.659 
3164.584    2.087   -1.838    3.577   -3.850    1.996   -1.518    0.239    0.068 
3176.208    2.295   -2.619   -2.739    2.540    3.093   -2.388    0.810   -0.177 
3176.723    3.135   -3.139   -0.450    0.169   -2.843    2.695   -1.842    1.828 
2909.619   -2.326   -2.592    2.491    2.277    2.150    2.076   -1.981   -2.006 
3068.761    2.950    3.412   -0.620    0.109    3.030    2.913   -1.077   -1.299 
3080.284    1.311    0.948    3.483    3.108    0.342    0.214    2.850    2.980 
3111.556   -2.035   -1.369   -2.114   -1.725    2.657    2.699    2.454    2.795 
3147.262    4.265   -3.965    1.275   -2.232    0.327    0.426    0.529   -0.388 
3163.735   -1.617    1.966    3.979   -4.229   -0.671    1.018   -0.135   -0.037 
3172.402    0.174   -0.211   -0.697    0.917   -4.383    4.409    1.017   -0.923 
3181.695   -0.636    0.359    0.042   -0.046    0.938   -0.970    4.628   -4.286 
2906.357    2.151    2.289   -2.486   -2.433   -2.127   -2.174    2.194    2.075 
3060.033    0.697    0.613   -3.127   -3.176    1.567    1.594   -2.794   -2.736 
3073.179    3.470    3.686    1.521    1.581    2.357    2.242    0.442    0.336 
3102.304    1.720    1.319    1.154    1.590   -3.185   -2.505   -2.549   -3.152 
3140.432    0.437   -0.218    4.559   -4.400    0.309   -0.607    0.188   -0.407 
3155.523   -3.802    3.892    0.573   -0.429   -1.014    0.628   -2.430    2.007 
3166.336   -2.307    2.103   -0.304    0.333    2.857   -3.019    2.512   -2.856 
3172.154   -1.133    0.802    0.121   -0.359   -3.080    3.631    3.150   -2.698 
2916.074   -2.351   -2.252    2.165    2.286    2.385    2.265   -2.100   -2.210 
3067.887    2.939    3.017    1.178    1.004    3.100    2.929    1.207    1.207 
3082.156    0.617    0.516   -3.277   -3.630    1.847    1.436   -2.372   -2.432 
3106.768   -2.093   -2.806   -1.677   -1.480    1.732    1.889    3.179    2.753 
3156.863   -1.375    1.471    0.332   -0.549   -4.011    4.259    1.074   -1.283 
3159.491   -3.731    3.202    2.424   -2.550    1.531   -1.534    0.579   -0.002 
3171.169   -2.412    2.500   -3.998    3.603    0.614   -0.463    0.379   -0.280 
3179.511   -0.945    0.632   -0.127   -0.114   -0.801    1.159   -4.308    4.499 
2921.834    2.219    2.209   -2.194   -2.159   -2.174   -2.369    2.437    2.288 
3081.952    2.009    2.016   -2.655   -2.610    1.533    1.989   -2.806   -2.339 
3088.976    2.701    2.702    2.116    1.963    2.458    2.569    1.645    1.882 
3120.280    2.100    2.145    2.248    2.204   -2.533   -2.411   -2.201   -2.421 
3169.099   -0.455    0.205   -0.636    0.856   -2.516    1.918   -3.721    4.070 
3176.888   -3.652    3.601    2.646   -2.733    0.560   -0.613   -0.560    0.525 
3179.087   -2.616    2.628   -2.778    2.794   -1.729    1.872    1.848   -1.702 
3182.391   -0.865    1.020   -2.296    2.387    3.577   -3.483   -1.613    1.376 
2925.073    2.403    2.297   -2.212   -2.183   -2.202   -2.195    2.220    2.364 
3086.595    2.932    2.559    1.646    1.670    2.878    2.877    1.308    1.687 
3091.551    1.531    1.771   -2.824   -2.700    1.522    1.527   -2.807   -2.937 
3124.004    2.204    2.239    2.412    2.337   -2.291   -2.357   -2.258   -2.216 
3173.565    3.726   -4.049   -0.264   -0.009    0.560   -0.714   -2.536    2.082 
3181.107    2.406   -2.270    0.277   -0.252   -2.102    2.104    3.336   -3.335 
3182.621   -0.570    0.478   -2.083    2.135   -3.687    3.599   -1.804    1.719 
3184.625    0.316   -0.296   -4.008    4.135    1.709   -1.751    1.241   -1.162 
2917.801    2.288    2.268   -2.167   -2.202   -2.380   -2.414    2.164    2.142 
3071.720    3.148    3.244    0.191    0.107    3.153    3.268    0.321    0.403 
3087.398   -0.011    0.096    3.520    3.458   -0.462   -0.600    2.961    2.842 
3112.617   -2.089   -2.466   -2.060   -1.817    1.993    2.105    2.847    2.678 
3158.999    0.479   -0.448   -0.063   -0.046    4.616   -4.451   -0.073    0.027 
3165.079    4.528   -4.229   -1.043    1.352   -0.516    0.378   -0.158   -0.019 
3176.831   -1.140    1.259   -4.354    4.416    0.083   -0.129   -0.583    0.570 
3182.017    0.002   -0.158    0.569   -0.574   -0.056    0.052   -4.454    4.653 
2909.627    2.313    2.170   -2.024   -2.166   -2.290   -2.160    2.337    2.493 
3057.167    1.264    1.274    1.894    1.987    2.353    2.833    3.088    2.646 
3075.087   -3.414   -3.155    1.034    1.169   -1.852   -1.742    2.210    2.447 
3100.730    1.529    1.952    3.552    3.090   -1.661   -2.863   -1.432   -0.235 
3140.457    0.316   -0.664   -0.907    0.054    2.331   -1.077   -3.791    4.330 
3157.406    4.044   -4.030   -1.327    1.830    0.712   -1.131    1.005   -1.007 
3163.783   -1.583    1.456   -0.912    0.370    4.097   -3.737    1.857   -1.360 
3177.616   -1.146    1.579   -4.112    4.319   -1.314    0.919   -0.335    0.051 
2923.629   -2.279   -2.351    2.261    2.196    2.207    2.274   -2.278   -2.227 
3075.238   -3.300   -2.873    1.160    1.243   -2.175   -2.208    1.904    2.472 
3085.837    1.642    2.159    3.207    2.807    1.438    1.452    2.388    2.512 
3110.908    1.662    1.128    2.352    2.224   -3.095   -2.839   -1.663   -2.586 
3160.581   -3.735    4.207    0.457   -0.553   -0.505    0.067   -2.616    1.534 
3172.834   -0.726    0.386    3.263   -3.521    2.580   -2.638    1.516   -1.515 
3178.677    2.240   -1.795    1.053   -0.833    1.261   -1.536   -3.923    3.564 
3180.532   -0.604    0.813   -2.717    3.044    3.473   -3.503    0.119   -0.293 
2912.728    2.373    2.231   -2.127   -2.040   -2.120   -2.354    2.365    2.362 
3073.275   -3.035   -2.789    1.440    1.457   -2.591   -3.012    1.763    1.123 
3082.979    1.692    1.046    3.096    2.976    1.516    1.463    2.397    3.008 
3115.303    2.351    2.020    2.084    2.409   -2.569   -2.059   -2.078   -2.606 
3160.210    0.937   -1.643   -0.887    0.661   -3.060    2.322   -3.321    3.307 
3164.831   -3.952    4.347   -0.759    1.101   -1.568    1.676    0.112    0.343 
3174.614    1.232   -1.454   -2.327    2.028   -2.059    2.680    3.246   -2.624 
3179.851   -0.022    0.000   -3.802    3.886    2.350   -2.249   -1.101    0.865 
2913.588   -2.086   -2.111    2.375    2.495    2.215    2.112   -2.296   -2.289 
3064.013   -0.239    0.067    2.997    3.195    0.012   -0.201    3.146    3.457 
3084.895    3.772    3.564    0.405    0.619    2.776    2.491   -0.093   -0.509 
3107.676    1.831    1.476    2.273    2.040   -3.132   -2.895   -1.641   -2.410 
3151.716   -0.335    0.370    4.580   -4.445   -0.175    0.558    0.217   -0.043 
3156.288    0.794   -1.506   -0.136   -0.055    0.190    0.091    4.732   -4.020 
3176.870   -4.264    4.402   -0.458    0.412   -0.823    0.837    1.039   -1.276 
3179.864    0.866   -0.809   -0.240    0.377   -4.306    4.676   -0.064    0.298 
2918.306    2.154    2.282   -2.342   -2.225   -2.252   -2.385    2.261    2.128 
3068.993   -1.929   -1.971    2.359    2.691   -2.894   -2.554    1.764    1.670 
3080.783    2.441    3.103    2.989    2.427    1.550    1.658    1.758    1.692 
3106.481    1.996    2.056    1.009    1.425   -2.718   -1.740   -2.956   -3.330 
3154.503   -0.283    0.215    3.550   -3.266    2.450   -3.339    0.272   -0.902 
3164.693   -3.821    3.316    1.153   -1.613   -1.703    1.435   -1.980    1.815 
3171.617   -2.142    2.236   -2.504    2.826    2.940   -3.021   -0.481    0.132 
3180.130    2.034   -1.533    0.221    0.147    0.737   -1.078   -4.180    4.048 
2923.901   -2.331   -2.374    2.207    2.186    2.233    2.251   -2.252   -2.242 
3077.698    3.135    3.778    1.575    1.031    2.614    2.620    0.253    0.236 
3086.561   -0.964   -0.599    3.353    3.017   -0.882   -0.884    3.017    3.075 
3113.484   -1.164   -1.862   -2.259   -1.656    2.891    2.807    2.457    2.599 
3162.803    4.694   -3.835   -0.948    1.882   -0.082   -0.098    0.449   -0.544 
3176.561   -0.596    0.787   -2.263    2.479   -3.753    3.733   -0.950    0.940 
3178.020   -0.168   -0.074    1.074   -1.305   -1.719    1.834    4.130   -3.979 
3181.198   -1.286    1.482   -3.276    3.589    1.954   -1.979    1.848   -1.870 
2903.253   -2.203   -2.179    1.926    1.946    2.368    2.368   -2.428   -2.461 
3056.634    2.064    2.019    0.740    0.753    3.252    3.532    2.152    1.939 
3062.332    2.877    2.511   -1.733   -1.756    0.693    0.609   -2.958   -3.276 
3104.040    2.164    1.930    3.697    3.649   -1.465   -1.849   -0.530   -0.619 
3135.039    0.417   -0.729    0.067    0.014   -1.800    1.484    4.218   -4.124 
3143.752    0.504   -0.760   -0.083   -0.141    4.333   -4.072    1.726   -1.405 
3155.418   -4.307    4.610    0.293   -0.274    0.382   -0.395    0.665   -0.873 
3184.333   -0.240    0.299   -4.577    4.596    0.021   -0.060    0.068   -0.096 
2919.088   -2.369   -2.446    2.291    2.132    2.086    2.101   -2.260   -2.335 
3081.030   -1.959   -2.453    2.368    1.939   -1.650   -1.670    2.867    2.937 
3086.232    2.621    2.382    2.149    2.154    2.603    2.606    1.645    1.920 
3120.512    2.032    1.805    2.595    2.520   -2.665   -2.604   -1.883   -1.997 
3164.863    4.389   -4.275    0.809   -1.422    0.310   -0.176   -0.984    0.624 
3170.251    0.769   -0.604    0.548   -0.613    0.058    0.142    4.577   -4.390 
3180.475    1.111   -1.362   -4.152    4.326   -1.228    1.165    0.402   -0.299 
3185.520   -0.081    0.124    1.143   -1.261   -4.411    4.452   -0.181    0.180 
2911.217    2.050    2.303   -2.580   -2.400   -2.318   -2.259    2.013    2.003 
3071.518    1.463    2.113   -2.788   -1.976    3.007    3.053   -1.500   -1.540 
3079.606    2.083    2.103    2.144    2.375    1.894    1.920    2.877    2.653 
3114.794   -2.705   -2.996   -1.559   -2.138    1.345    1.768    2.734    2.457 
3152.299   -1.589    0.510   -4.194    4.455    0.473   -0.843    0.023    0.467 
3159.233    0.305   -0.342    0.489   -0.772    4.589   -4.343   -0.420    0.659 
3178.685   -4.175    3.833    1.238   -0.944   -0.104    0.089   -1.810    2.066 
3182.264    1.990   -1.818   -0.431    0.286   -0.471    0.711   -4.039    4.194 
2913.242    2.365    2.293   -2.249   -2.162   -2.034   -2.076    2.335    2.462 
3071.902   -0.399   -0.781    3.149    3.006   -0.101   -0.111    3.111    3.454 
3083.014    3.515    3.175    0.713    0.799    2.984    3.013   -0.239    0.181 
3113.735   -2.011   -1.785   -2.309   -2.472    2.833    2.673    1.820    2.132 
3156.781   -0.975    1.282    0.166    0.014    0.262    0.144    4.656   -4.135 
3165.093    3.701   -3.833    2.180   -2.522    0.469   -0.475    0.847   -1.022 
3169.885   -2.138    2.469    3.940   -3.772    0.473   -0.589   -0.704    0.631 
3183.583    0.086   -0.126    0.641   -0.765   -4.513    4.562    0.121   -0.034 
2912.459    2.185    2.159   -2.259   -2.234   -2.094   -2.129    2.438    2.478 
3064.783   -0.334   -0.434    3.052    3.043    0.242    0.301    3.291    3.365 
3084.653    3.249    3.118    0.052    0.068    3.215    3.329    0.003    0.085 
3108.375   -2.472   -2.313   -2.422   -2.577    2.321    2.378    1.834    1.786 
3147.948    0.042    0.064    0.209   -0.150   -0.161    0.171    4.566   -4.506 
3162.656    0.133   -0.027    4.555   -4.489    0.557   -0.624   -0.182    0.131 
3174.564   -4.366    4.549    0.282   -0.142   -1.045    1.015   -0.053    0.068 
3177.470   -1.018    1.079   -0.521    0.580    4.499   -4.351    0.209   -0.146 
2923.925    2.353    2.315   -2.199   -2.241   -2.244   -2.208    2.235    2.281 
3082.331    2.973    2.997    1.615    1.604    2.790    2.794    1.232    1.238 
3088.733   -1.577   -1.585    2.713    2.716   -1.238   -1.240    3.081    3.087 
3117.958   -1.828   -2.079   -2.545   -2.316    2.429    2.668    2.250    2.052 
3169.713    4.438   -4.325   -1.000    1.156    0.480   -0.587   -0.587    0.454 
3175.642    0.925   -0.779    0.542   -0.368   -2.544    2.360    3.675   -3.819 
3180.716   -0.373    0.397   -1.062    1.001    3.622   -3.630    2.620   -2.553 
3180.854   -0.858    0.984   -4.262    4.367   -1.335    1.186   -0.140    0.052 
2920.499    2.275    2.239   -2.353   -2.377   -2.150   -2.128    2.239    2.287 
3075.245    0.391    0.326    3.307    3.582   -0.471   -0.228    2.896    2.958 
3086.585    3.219    3.186    0.194   -0.065    3.383    3.122   -0.095   -0.042 
3112.884   -2.243   -2.344   -1.512   -1.972    2.509    2.156    2.698    2.597 
3160.717   -0.377    0.439    4.700   -4.239    0.474   -0.979    0.103   -0.194 
3171.663   -0.839    0.953   -0.075    0.057   -0.944    1.005    4.401   -4.360 
3175.363    4.462   -4.426    0.340   -0.263    0.323   -0.451    0.938   -1.068 
3181.767    0.506   -0.542    0.683   -0.928   -4.239    4.564   -0.861    0.855 
2916.679    2.215    2.109   -2.196   -2.209   -2.143   -2.312    2.451    2.373 
3071.404    0.583    0.920    3.775    3.437    0.092    0.020    2.708    2.589 
3082.405    3.185    3.435   -0.024   -0.752    2.926    3.126   -0.851   -0.150 
3110.339   -1.599   -2.487   -1.794   -1.319    2.738    2.364    2.752    2.688 
3157.386   -1.936    1.400    3.045   -3.565    1.469   -1.286    2.256   -2.216 
3164.672   -1.071    0.083    2.312   -2.546   -0.811    0.305   -3.534    3.936 
3174.785   -2.711    2.327   -0.535    0.058   -3.592    3.827    1.052   -0.526 
3180.644    3.407   -3.307    2.029   -1.813   -2.322    2.126    1.005   -1.120 
2915.179   -2.356   -2.279    2.343    2.428    2.172    2.086   -2.122   -2.215 
3067.071    2.209    2.500    3.212    2.945    1.185    1.163    1.996    2.074 
3082.421   -2.513   -2.634    1.616    1.778   -2.781   -2.645    1.982    1.995 
3108.380   -1.299   -2.087   -1.866   -1.186    2.633    2.821    2.965    2.634 
3151.167    2.472   -1.775   -3.711    4.200    0.083   -0.458   -0.667    0.179 
3163.820    3.940   -3.837    2.335   -2.097    0.294   -0.357   -0.916    0.717 
3172.225    1.151   -0.800    0.118    0.131   -2.697    2.449    3.487   -3.809 
3180.050    0.210   -0.168    0.092   -0.077    3.687   -3.851    2.658   -2.555 
2920.293    2.185    2.365   -2.408   -2.235   -2.228   -2.304    2.186    2.129 
3074.817    2.317    2.585   -0.613   -0.471    3.283    4.080    1.062    0.321 
3079.515   -0.299   -0.557    2.929    2.735   -0.415    0.346    3.853    3.148 
3111.032    3.111    2.989    2.425    2.845   -0.932   -1.525   -2.005   -1.361 
3160.214    0.370   -0.275    1.594   -1.560    4.417   -3.372   -1.019    2.127 
3167.651   -2.884    2.393   -2.976    3.191    0.827   -0.381   -1.596    2.306 
3177.636    1.616   -1.835   -2.749    2.672    2.032   -1.965    2.572   -2.602 
3179.827    3.297   -3.305   -1.398    1.068   -0.726    1.171   -2.532    2.985 
2916.541   -2.186   -2.180    2.059    2.073    2.312    2.312   -2.428   -2.448 
3072.028   -0.346   -0.101    2.150    2.164    1.593    1.812    3.564    3.647 
3075.944    3.428    3.127   -0.757   -0.758    2.898    3.034   -0.511   -0.964 
3111.678    2.412    2.077    3.392    3.354   -1.734   -2.013   -0.826   -1.059 
3149.645    0.479   -0.976    0.012   -0.063   -1.105    0.861    4.472   -4.264 
3163.160    0.594   -0.796    0.017   -0.165    4.550   -4.290    1.023   -0.718 
3172.029   -4.275    4.586    0.544   -0.498    0.506   -0.540    0.735   -0.987 
3185.467   -0.458    0.514   -4.558    4.575    0.124   -0.155    0.136   -0.168 
2906.272   -2.035   -2.112    2.389    2.597    2.281    2.096   -2.227   -2.171 
3061.125    0.234    0.223    2.835    3.451    0.023   -0.407    3.234    3.223 
3081.330    3.354    3.407   -0.410    0.417    3.313    2.715   -0.122   -0.129 
3108.219    2.314    2.068    1.851    2.190   -2.785   -2.337   -2.082   -2.478 
3144.701    0.623    0.117    4.822   -4.063   -0.303    0.901    0.329   -0.104 
3158.226    0.673   -0.959   -0.294    0.054    0.618   -0.451    4.510   -4.377 
3173.521   -1.485    1.529   -0.475    0.639   -3.875    4.534    0.938   -0.577 
3175.479   -4.230    4.248    0.499   -0.370    1.397   -1.712    0.479   -0.745 
2912.541    2.192    2.328   -2.268   -2.140   -2.299   -2.435    2.230    2.093 
3063.546   -2.720   -2.751    1.613    1.622   -2.993   -2.996    1.216    1.221 
3084.039    1.352    1.369    2.749    2.773    1.451    1.515    3.077    2.979 
3104.834   -2.819   -2.079   -2.013   -2.641    2.249    1.555    2.055    2.530 
3151.051   -1.434    1.174   -1.577    1.240   -3.926    4.079   -0.810    1.080 
3160.528   -3.598    4.035   -0.534    1.156    1.677   -1.995   -1.654    1.106 
3171.924   -0.212    0.741    4.132   -3.811   -0.991    0.571   -2.165    1.925 
3175.633    2.088   -2.003   -1.546    1.512    0.754   -0.758   -3.659    3.798 
2915.421    2.433    2.273   -2.108   -2.070   -2.180   -2.311    2.270    2.351 
3071.010    3.231    3.379    1.516    0.884    2.751    2.870    0.134    0.717 
3081.876   -0.716   -0.548    3.635    3.320   -1.120   -1.213    2.613    2.643 
3110.490   -1.293   -2.426   -1.869   -1.343    2.679    2.305    2.617    3.063 
3155.504    4.268   -3.735   -1.117    1.928   -1.016    0.440   -1.554    0.824 
3166.238   -1.595    1.329   -1.112    0.886   -3.973    4.008   -1.115    1.525 
3174.437    0.431    0.142   -2.132    2.435   -0.511    1.024    4.037   -3.698 
3178.881   -1.341    1.654   -3.319    3.677    1.942   -1.962   -1.720    1.561 
2922.689   -2.147   -2.158    2.317    2.311    2.257    2.275   -2.311   -2.291 
3078.996   -0.441   -0.444    3.232    3.381   -0.786   -0.680    3.033    3.002 
3088.432    2.861    2.863    0.323    0.202    3.477    3.364    0.955    0.979 
3116.308   -2.828   -2.778   -1.916   -2.224    1.968    1.686    2.295    2.337 
3167.728    0.030    0.092    4.363   -4.059    1.504   -1.808    0.556   -0.672 
3171.569    0.391   -0.433   -0.441    0.356   -0.585    0.690    4.506   -4.487 
3175.712   -0.472    0.438    1.661   -1.764   -4.158    4.255   -0.367    0.435 
3185.504   -4.544    4.568   -0.219    0.252    0.344   -0.358    0.426   -0.462 
2907.160   -2.369   -2.390    2.259    2.242    2.313    2.141   -2.018   -2.209 
3057.349    2.496    2.641    0.882    0.827    3.271    3.320    1.651    1.326 
3073.028    0.271    0.798   -3.275   -3.438    2.031    1.132   -2.504   -2.518 
3097.030   -2.212   -3.286   -1.754   -1.917    0.993    1.771    3.201    2.091 
3143.830   -1.699    1.996   -0.653    0.505   -3.692    3.544    1.459   -2.287 
3153.963    4.021   -3.235   -2.018    1.843   -1.664    1.832   -1.091   -0.014 
3158.078    1.802   -1.274    4.127   -4.009   -1.323    1.145   -0.048   -0.646 
3175.680   -1.484    0.855    0.112   -0.488   -1.251    1.964   -3.845    4.315 
2911.743   -2.156   -2.282    2.432    2.319    2.238    2.349   -2.158   -2.042 
3057.315    1.428    1.481   -2.366   -3.114    3.223    2.488   -1.570   -1.498 
3079.313    2.885    2.985    2.425    2.507    1.732    1.866    1.723    1.640 
3101.977    2.373    2.009    0.215    1.562   -2.496   -1.107   -3.106   -3.483 
3143.791    0.999   -0.317    4.110   -3.007    1.766   -3.169    0.077   -1.002 
3161.888    0.709   -0.725   -2.599    2.820    3.482   -3.493    0.811   -0.945 
3164.056   -4.077    4.322    0.229    0.185    0.937   -1.430   -1.571    0.957 
3179.515   -1.654    1.331    0.062   -0.233   -0.510    0.805    4.348   -4.209 
2913.560    2.135    2.249   -2.276   -2.116   -2.173   -2.355    2.408    2.281 
3065.327    2.099    2.106   -2.516   -2.556    2.010    1.978   -2.393   -2.398 
3085.522    2.056    1.984    1.709    1.583    2.919    2.807    2.259    2.574 
3106.734   -3.081   -2.266   -2.080   -2.996    2.221    1.286    1.374    2.242 
3152.898   -1.378    1.408   -1.750    1.645   -2.502    2.405   -3.141    3.128 
3165.485   -0.807    0.010   -2.944    2.256   -1.477    2.389    3.460   -2.738 
3170.834    2.975   -3.346    1.315   -1.961   -2.749    2.921    0.171    0.308 
3178.630   -2.734    3.154    3.061   -2.720   -1.794    1.564    0.985   -1.132 
2917.228   -2.135   -2.090    2.092    2.200    2.424    2.363   -2.334   -2.369 
3074.690    0.117    0.453    2.188    2.376    1.764    1.600    3.326    3.737 
3077.841    3.590    3.029   -0.978   -0.925    2.777    2.822   -0.693   -1.213 
3111.290    2.487    1.979    3.208    3.129   -1.839   -2.239   -0.857   -1.533 
3156.943    0.556   -1.319    0.109   -0.154   -1.281    1.368    4.589   -3.857 
3161.376    0.453   -0.875   -0.860    0.400    4.350   -4.239    1.308   -1.066 
3176.014   -3.714    4.117    2.027   -2.050    0.685   -0.576    0.904   -1.157 
3182.388   -1.892    2.189   -4.082    4.037   -0.506    0.305    0.350   -0.603 
2924.600    2.301    2.235   -2.179   -2.247   -2.296   -2.235    2.256    2.333 
3081.624    2.290    2.269    2.014    2.029    2.528    2.604    2.250    2.196 
3088.092   -2.567   -2.337    2.101    2.122   -1.810   -1.792    2.557    2.791 
3116.439    2.065    2.115    2.861    2.563   -2.186   -2.614   -1.892   -1.754 
3169.932   -0.006    0.012    0.652   -0.427   -2.497    2.186    3.872   -3.905 
3173.152   -4.073    4.177    1.597   -1.775   -0.695    0.855   -0.750    0.663 
3178.998   -1.191    1.095   -0.186   -0.001    3.839   -3.750    2.426   -2.173 
3182.932   -1.504    1.752   -4.182    4.282   -0.789    0.592    0.083   -0.241 
2913.940    2.362    2.229   -2.032   -2.049   -2.215   -2.214    2.370    2.503 
3074.053    2.231    1.902    1.727    1.746    2.941    2.975    1.969    2.325 
3079.494    2.559    2.580   -2.053   -2.064    1.433    1.464   -2.803   -2.796 
3113.846    2.107    2.104    3.111    3.032   -2.132   -2.296   -1.554   -1.332 
3154.544   -1.016    1.426    0.283   -0.038   -0.436    0.520    4.470   -4.225 
3166.473   -4.279    4.395    0.338   -0.320   -0.470    0.579   -1.199    1.393 
3168.738   -0.619    0.632    0.103   -0.193    4.585   -4.446    0.362   -0.261 
3184.709   -0.342    0.412   -4.558    4.599    0.068   -0.112    0.066   -0.072 
2918.713   -2.109   -2.167    2.291    2.398    2.334    2.237   -2.274   -2.222 
3076.025   -0.995   -0.770    2.785    3.052   -0.461   -0.660    3.225    3.428 
3085.257    3.241    3.109    0.396    0.843    3.284    2.920    0.929    0.699 
3113.465   -2.594   -1.960   -2.296   -2.663    2.411    2.278    1.622    2.256 
3165.231    1.323   -1.769    1.958   -1.997   -0.102    0.398    4.043   -3.539 
3167.959   -0.179    0.842    4.139   -3.521   -1.421    1.580   -1.907    1.832 
3173.821   -0.367    0.294   -1.446    1.433   -4.139    4.444    0.691   -0.487 
3181.520   -4.143    4.381    0.459   -0.267    0.354   -0.482    1.436   -1.759 
2919.657   -2.367   -2.241    2.215    2.353    2.299    2.165   -2.138   -2.262 
3073.387    2.751    2.700    2.195    2.204    2.341    2.264    1.777    1.752 
3085.367    2.406    1.995   -2.176   -2.199    1.705    1.668   -2.682   -3.079 
3110.618   -1.636   -1.807   -2.696   -2.100    2.476    3.004    2.166    2.030 
3161.152   -3.633    3.698    2.293   -2.589   -0.908    1.249    0.436   -0.447 
3167.951    1.826   -1.955    1.362   -0.919   -2.835    2.528    2.997   -2.920 
3174.371   -1.778    2.091   -3.348    3.487   -0.451    0.030    2.279   -2.375 
3180.042    0.035   -0.346    1.250   -1.502    3.582   -3.486    2.793   -2.323 
2927.610   -2.224   -2.211    2.253    2.266    2.264    2.261   -2.305   -2.320 
3083.304    0.986    1.006   -2.935   -3.510    1.752    1.155   -2.702   -2.648 
3087.654    2.440    2.397    0.947    0.686    3.377    3.327    1.865    1.653 
3116.561   -3.033   -3.005   -1.741   -2.439    1.646    1.261    2.402    2.124 
3169.190   -0.041   -0.100   -2.789    1.955   -3.178    3.690    1.728   -1.885 
3175.024   -0.121   -0.066   -2.566    2.100   -0.112    0.679   -3.773    4.036 
3181.938    1.372   -1.420   -3.008    2.930    2.895   -2.804    1.523   -1.440 
3185.980   -4.363    4.397   -0.947    0.950    0.906   -0.867    0.532   -0.484 
2907.829   -2.349   -2.505    2.506    2.369    2.039    2.105   -2.048   -1.978 
3066.465   -2.421   -2.584    1.597    1.434   -2.777   -2.795    2.072    2.064 
3071.504    2.605    2.516    3.244    3.338    0.682    0.744    1.693    1.608 
3109.332   -1.537   -1.011   -0.864   -1.389    3.043    2.641    2.930    3.284 
3143.321   -3.294    3.034   -3.082    3.281   -0.487    0.447   -0.414    0.430 
3150.485   -3.050    3.353    3.335   -3.017    0.069   -0.550   -0.543    0.030 
3173.477    0.219   -0.238    0.486   -0.648   -4.322    4.431   -1.076    1.298 
3180.640   -0.578    0.364    0.005   -0.127   -1.075    1.339    4.505   -4.292 
2912.916    2.515    2.353   -2.182   -2.124   -2.181   -2.126    2.102    2.384 
3070.751    2.905    2.370    1.522    1.599    2.952    3.057    1.233    1.666 
3085.631    1.227    1.944   -2.929   -2.543    1.498    1.459   -2.793   -3.034 
3114.666   -2.103   -2.378   -2.631   -2.284    1.862    2.496    2.464    1.924 
3155.707    3.742   -4.107   -0.322   -0.303    0.924   -0.913   -2.445    1.648 
3168.394   -1.860    1.454   -1.034    0.854    4.042   -3.686   -1.159    1.780 
3177.337   -0.300    0.178   -3.937    4.358   -1.717    1.365   -1.206    1.088 
3178.005   -1.724    1.331    1.548   -1.826   -1.523    1.744   -3.634    3.609 
2903.634   -2.232   -2.175    1.976    1.929    2.253    2.376   -2.474   -2.466 
3063.919    3.257    3.064   -0.918   -0.910    2.952    3.135   -0.839   -0.485 
3068.565   -0.132   -0.308    2.324    2.270    1.726    1.621    3.380    3.675 
3106.925   -2.609   -2.117   -3.190   -3.399    1.849    1.587    1.027    1.259 
3141.758    0.058    0.126    0.160   -0.186    1.594   -1.141    4.385   -4.235 
3151.129   -0.529    0.397   -0.445    0.295   -4.247    4.336    1.536   -1.206 
3160.131   -4.302    4.743    0.041    0.366    0.425   -0.452   -0.179    0.170 
3181.985   -0.123    0.271    4.623   -4.515   -0.462    0.323   -0.080    0.030 
2923.904   -2.246   -2.456    2.426    2.222    2.200    2.198   -2.151   -2.155 
3083.788   -2.369   -2.969    1.666    1.192   -3.120   -3.125    1.293    1.365 
3089.588    1.407    1.193    2.846    2.649    1.327    1.617    3.206    2.943 
3120.670    2.455    2.561    2.305    2.473   -1.878   -2.109   -2.409   -2.018 
3171.009    3.499   -2.865    2.719   -3.194    1.496   -1.240   -0.193   -0.066 
3176.061    1.578   -1.316    0.145   -0.311   -3.951    3.702    1.763   -2.294 
3181.653   -2.922    2.962    3.401   -3.368   -0.505    0.360    0.829   -0.945 
3185.264    0.042   -0.026    0.749   -0.894   -1.967    2.174   -3.957    4.078 
2923.334   -2.240   -2.320    2.358    2.370    2.264    2.169   -2.165   -2.179 
3084.125    1.915    1.787   -2.526   -2.335    1.577    1.613   -2.795   -3.176 
3086.988    2.958    2.911    1.774    2.121    2.587    2.316    1.596    1.512 
3119.237    2.134    1.557    2.394    2.251   -2.719   -2.690   -1.903   -2.409 
3170.190    2.946   -3.113    2.836   -3.065   -0.275    0.729    1.873   -1.385 
3173.767   -2.439    2.931    3.474   -3.248   -0.740    0.874   -1.473    1.150 
3180.881   -1.787    1.592   -0.520    0.660   -2.426    2.494    3.563   -3.305 
3183.875   -1.362    1.195    0.689   -0.808    3.693   -3.821    2.218   -2.154 
2908.848    2.039    2.066   -2.242   -2.225   -2.374   -2.639    2.291    2.037 
3063.593   -2.056   -2.094    2.406    2.608   -2.733   -3.169    1.320    0.780 
3077.989    2.228    2.458    2.802    2.625    1.576    1.455    2.453    2.271 
3109.453   -2.466   -2.664   -1.300   -1.429    2.281    1.196    3.183    2.815 
3143.729    0.352    0.273    1.236   -1.106    4.255   -4.252    0.242   -1.409 
3158.388    0.862   -0.540   -4.340    4.359    1.252   -0.976    0.171   -0.356 
3173.837    4.354   -4.105    0.687   -0.600   -0.489    0.575    1.485   -1.598 
3178.801    1.591   -1.619    0.314   -0.069    0.622   -0.938   -4.010    4.413 
2921.863   -2.278   -2.476    2.383    2.177    2.133    2.154   -2.227   -2.213 
3075.846    2.640    2.546   -1.906   -1.435    1.800    1.799   -2.531   -3.061 
3088.129    2.114    2.120    2.127    2.103    2.413    2.662    2.453    2.227 
3115.480   -2.442   -1.345   -2.961   -2.732    2.435    2.650    1.264    1.781 
3160.705   -3.309    3.917   -0.723    1.604   -0.055   -0.354   -2.754    2.124 
3173.415    2.100   -1.642    1.485   -1.807    1.802   -1.392   -3.500    3.454 
3180.926   -1.880    2.105    3.539   -3.631    1.569   -1.543    1.271   -1.427 
3183.048    0.010   -0.285   -1.946    2.073    4.090   -3.924    1.122   -0.790 
2908.599   -2.022   -1.977    2.310    2.428    2.510    2.441   -2.112   -2.112 
3069.681    2.259    2.241    1.773    1.944    2.321    2.169    2.684    2.641 
3071.110    1.356    1.308   -3.038   -3.018    2.682    2.905   -1.405   -1.330 
3110.606   -3.035   -3.274   -1.634   -1.317    1.018    1.325    2.880    2.504 
3144.877    0.146   -0.273   -1.697    1.346    4.262   -4.253   -0.260    0.248 
3152.932    0.503   -0.250   -4.203    4.313   -1.686    1.400   -0.204   -0.040 
3172.323    0.265   -0.523    0.181   -0.205   -0.183    0.258   -4.411    4.683 
3182.196    4.619   -4.486    0.489   -0.342   -0.074    0.016    0.327   -0.499 
2917.181    2.088    2.129   -2.196   -2.215   -2.329   -2.336    2.388    2.337 
3070.981   -0.242   -0.076    2.350    2.460    1.104    1.441    3.787    3.461 
3078.284    2.890    2.744   -1.211   -1.165    3.206    3.495   -0.026   -0.551 
3110.374    3.123    2.638    2.774    3.105   -1.284   -1.662   -1.209   -1.320 
3152.478   -0.459    0.877   -0.086    0.133    2.041   -1.475   -3.964    4.282 
3162.724    0.447   -0.706    0.320   -0.480    4.308   -4.044    1.828   -1.537 
3174.717    0.454   -0.215    4.682   -4.400   -0.359    0.330   -0.319    0.313 
3181.422   -4.319    4.647    0.510   -0.296    0.196   -0.325    0.656   -0.993 
2908.029   -2.130   -2.076    2.084    2.146    2.189    2.324   -2.552   -2.426 
3065.221   -0.593   -0.460    2.896    2.941    0.714    0.414    3.508    3.253 
3076.765    3.400    3.265    0.006   -0.000    2.863    3.317   -0.149    0.189 
3106.557    2.184    2.222    2.906    2.610   -2.089   -2.601   -1.543   -1.741 
3143.501   -0.260    0.138    0.082    0.191   -0.728    0.269   -4.384    4.603 
3164.806    1.779   -1.695   -2.506    2.305    3.597   -3.276   -0.502    0.386 
3167.923    2.396   -2.388   -2.323    2.746   -3.198    2.659    0.295   -0.249 
3173.100    3.370   -3.598    2.954   -2.938    0.324   -0.229   -0.160    0.273 
2924.146   -2.194   -2.294    2.324    2.260    2.229    2.275   -2.290   -2.211 
3078.496    2.385    2.110   -2.278   -2.223    1.871    1.884   -2.496   -2.819 
3091.266    2.483    2.451    1.979    2.114    2.523    2.453    2.158    2.074 
3115.434    2.535    1.646    2.291    2.672   -2.589   -2.283   -1.572   -2.402 
3167.886    2.422   -3.047    1.515   -1.858    1.242   -0.946    3.330   -2.714 
3175.611   -0.322    0.985    3.700   -3.269    1.846   -2.225   -2.256    1.770 
3179.345   -1.294    1.248   -1.924    2.033    3.781   -3.889    0.775   -0.984 
3182.628    3.307   -3.404   -1.526    1.342    1.001   -0.955   -2.527    2.691 
2921.218   -2.284   -2.194    2.129    2.165    2.222    2.306   -2.391   -2.358 
3083.814    1.970    1.804    2.420    2.436    2.237    2.234    2.468    2.583 
3086.273   -2.716   -2.681    1.958    1.963   -2.074   -2.442    2.354    1.920 
3120.118    2.126    2.286    2.635    2.455   -2.210   -2.474   -2.114   -1.915 
3168.532    0.902   -1.301   -0.334    0.395   -0.794    0.505   -4.261    4.469 
3175.601    3.227   -3.177   -1.176    1.057    3.122   -2.973    0.307   -0.573 
3177.845   -2.773    2.720    0.661   -0.914    3.515   -3.188   -1.202    1.327 
3183.433   -1.348    1.474   -4.341    4.397   -0.163    0.080    0.021   -0.024 
2907.116    2.309    2.277   -2.289   -2.098   -2.015   -2.197    2.350    2.400 
3060.537   -1.132   -1.412    2.846    2.898   -1.096   -0.571    3.199    3.072 
3068.875    2.304    1.886    0.416    0.178    3.258    4.101    1.691    1.316 
3098.802    3.541    2.436    2.140    3.157   -1.372   -1.135   -1.823   -1.320 
3143.528    0.475   -0.537    0.993   -0.901    1.822   -1.286   -3.876    4.330 
3150.722    2.028   -1.697    3.158   -2.765    2.154   -2.401    1.726   -1.811 
3164.466   -3.044    3.930    0.218    0.871    2.960   -2.594    0.691   -0.434 
3173.760   -1.752    2.510    3.506   -3.047   -2.652    1.893   -0.623    0.182 
