  Ax   Bx   By   Cy   Cx   Dx   Dy   Ay   AQ   AL   BQ   BL   CQ   CL   DQ   DL
  0.   0.  10.  10.   5.    5.  15.  15.   7.   1.   0.   7.  21.   0.   0.  11. 
  0.   0.  12.  12.  10.   11.  11.  11.  10.   0.   0.  10.  10.  27.  15.  10. 
  7.   7.   2.   2.   9.    9.   0.   0.   1.   0.   0.  10.   4.   0.  16.   1. 
 13.  13.  15.  16.  17.   17.   0.   0.   8.   0.  27.   8.  10.   0.   0.   8. 
  0.   0.   8.   9.   4.    5.  13.  13.  11.   7.   7.   0.   0.  13.   7.   1. 
 14.  15.   0.   0.   9.   10.   5.   5.   6.  10.  26.   0.   0.  10.  10.   4. 
 19.  19.   6.   7.   0.    0.  14.  15.  16.   1.  32.  16.  16.   0.   0.  16. 
  9.  10.   4.   4.   4.    4.   2.   2.  14.  35.   0.  28.  14.   0.   0.  14. 
  0.   0.   9.   9.   2.    2.   7.   7.   0.  12.  31.   0.   0.  17.  12.  38. 
  6.   7.   0.   0.   2.    2.   8.   9.   4.   1.   1.   0.   0.   1.   5.   0. 
  3.   4.   0.   0.   3.    4.   0.   0.   0.  14.   6.   0.  25.   2.   2.  10. 
  2.   3.   1.   2.   4.    4.   0.   0.   0.   6.   6.  13.   0.  10.  20.   0. 
  0.   0.   2.   2.   0.    0.   2.   2.  15.  14.   0.  20.  23.   0.   4.  15. 
  0.   0.   4.   4.   9.   10.  13.  14.  11.   1.   1.   0.   0.  16.  21.   0. 
  6.   6.   3.   3.   9.    9.   0.   0.   2.   0.   7.   2.   2.   6.   0.   3. 
 13.  13.   2.   3.   6.    6.   4.   5.  16.  16.  16.   8.   0.  16.  16.   0. 
 39.  40.  22.  22.  13.   13.   4.   4.   4.  10.  25.   0.   0.  10.  10.   0. 
 10.  10.   8.   8.  14.   14.  31.  32.   6.   0.   0.   4.   4.   0.   0.  20. 
  2.   2.   2.   2.   0.    0.   0.   0.   0.  14.   0.   1.  11.   0.   0.   0. 
  0.   0.   5.   6.   3.    4.   2.   2.   3.   0.   0.  15.   8.   0.   6.   3. 
  0.   0.  17.  18.  19.   20.  11.  11.  12.   0.   0.  12.  14.   0.  10.  12. 
  9.  10.  29.  30.   0.    0.  20.  20.   0.  32.  24.   0.   7.  23.  23.   0. 
  8.   8.   0.   0.   5.    5.   3.   3.  37.   7.   7.   6.   0.   7.  28.   0. 
  3.   3.   0.   0.   1.    2.   1.   2.   3.   0.   0.  29.   0.   0.   6.   0. 
  1.   2.   0.   1.   2.    2.   0.   0.   0.  12.  16.   0.   0.  20.  12.  12. 
 15.  15.  18.  18.   0.    0.   3.   3.   0.  24.   1.   0.  10.   1.   1.   0. 
 26.  27.  11.  11.   9.    9.   7.   7.   2.   4.  20.   0.   0.   4.   4.   0. 
  2.   3.  14.  15.   0.    0.  12.  12.  19.   0.   0.  10.   5.   5.   0.   5. 
  3.   3.   6.   6.  18.   18.   9.   9.   3.   0.   0.   3.   3.   2.   0.   5. 
 10.  10.   6.   6.   4.    4.   0.   0.  17.   0.   2.  12.  12.   4.   0.  12. 
  8.   9.  22.  23.   7.    8.   6.   7.   7.   0.   0.  28.   7.  18.   0.   7. 
 19.  20.  11.  11.   0.    0.   8.   8.  10.   6.   6.  29.   0.   6.   6.   0. 
  2.   3.  15.  15.   0.    0.  17.  18.  12.  16.  26.   0.   0.  16.  16.  16. 
  0.   0.   3.   3.   0.    1.   3.   4.   1.   1.   0.   1.   2.   0.   0.   1. 
  6.   6.   0.   0.  19.   19.  13.  13.   0.   5.   5.   0.   0.  26.   5.  10. 
  2.   2.   0.   1.   1.    1.   0.   1.  12.   0.   0.  12.  12.   0.   0.  12. 
  8.   8.   6.   6.   3.    3.   0.   0.   3.   0.  20.   3.   3.   7.   0.   3. 
  0.   0.   6.   6.   2.    2.   8.   8.  14.  15.  15.   0.   0.  17.  15.   5. 
 10.  10.   0.   0.   2.    2.   8.   8.   8.  14.   0.  10.   8.   0.  24.   8. 
  2.   2.  10.  10.  21.   21.  33.  33.  14.   0.   0.   5.   5.   0.   0.  19. 
  9.   9.   0.   0.  12.   12.   7.   7.  35.   4.   4.   0.   0.   4.  22.   0. 
 13.  13.   6.   6.   3.    3.   4.   4.   0.  21.  23.   0.   0.  16.  16.   0. 
  2.   2.   2.   2.   6.    7.   2.   3.   0.  20.  20.   0.   0.  20.  25.   0. 
  0.   0.  31.  31.  19.   19.  12.  12.   0.   2.  17.   0.   0.   7.   2.   0. 
 11.  12.   2.   3.   6.    6.   3.   3.  14.  12.   8.  14.  14.   0.   0.  14. 
  0.   0.  10.  10.   2.    2.  12.  12.  22.   4.   4.   0.   0.   5.   4.  38. 
  0.   0.  10.  10.  14.   14.  11.  11.  19.   0.   0.  19.  22.   0.   0.  29. 
  3.   3.   9.  10.   0.    0.   6.   7.  10.  10.  14.   0.   0.  16.  10.   0. 
  4.   4.  16.  16.   0.    0.  16.  16.   0.   4.   4.   1.   0.   4.   4.   0. 
  0.   0.   7.   8.   1.    1.   6.   7.   0.  14.  28.   0.   1.  14.  14.  10. 
  0.   0.   6.   6.   7.    7.   5.   5.   0.   0.   0.   0.   2.   0.   0.   0. 
  1.   1.   8.   8.   5.    5.  14.  14.  11.   2.   2.   0.   0.   2.   5.   0. 
  2.   3.   0.   0.   3.    4.   2.   2.   0.   2.   2.   0.   0.   2.  10.   0. 
 11.  11.   6.   7.   3.    3.   1.   2.   0.  16.   0.   8.   0.   0.   0.   0. 
  4.   4.   0.   0.   4.    4.   0.   0.  22.   9.   9.  14.   0.  12.  14.   0. 
  3.   4.   0.   0.   4.    4.   3.   4.   0.  10.   2.   0.   0.   2.   4.   0. 
 15.  16.   2.   2.  11.   11.   2.   3.   0.   7.   3.   4.   0.   3.   3.   0. 
 16.  17.   0.   1.  16.   16.   0.   0.   1.   1.   0.   1.   2.   0.   0.   1. 
  0.   0.   2.   2.   0.    0.   2.   2.   2.   4.  24.   2.  11.   0.   0.  14. 
 12.  12.  19.  19.   0.    0.   7.   7.  16.   2.   4.  16.  27.   0.   0.  16. 
 30.  30.   0.   0.  22.   22.   8.   8.   5.   2.   0.  13.   5.   0.  28.   5. 
 12.  13.   0.   0.  21.   22.   9.   9.   0.  20.   4.   0.  22.   4.  16.   0. 
  7.   7.   2.   2.   5.    5.   0.   0.   0.  19.  14.   8.   1.  14.  14.   0. 
 20.  20.  19.  19.   1.    1.   0.   0.   3.  12.   8.   3.  20.   0.   0.   3. 
  0.   1.   0.   1.   0.    0.   1.   1.   0.   0.   0.   2.   0.   0.   1.   0. 
  9.  10.   1.   1.   9.   10.   0.   0.   8.   0.   0.   8.   8.   0.   0.   8. 
  0.   0.  10.  10.   3.    4.   9.  10.   0.   2.   2.   0.   0.  12.   8.   0. 
  0.   0.   8.   8.   7.    8.  15.  16.  14.   0.   0.   7.   7.   9.   1.   7. 
  1.   1.   0.   0.   7.    7.   6.   6.   3.  13.   0.   3.   4.   0.   2.   3. 
 13.  13.  15.  15.   5.    5.   0.   0.  11.   0.   0.  17.  11.  20.   0.  11. 
  5.   5.   4.   4.  13.   13.   4.   4.   0.   6.   6.   0.   6.   6.   6.   4. 
 18.  18.   0.   0.  30.   31.  24.  25.   6.   0.   0.   3.   3.   0.  12.   3. 
  0.   0.   7.   7.   3.    4.   6.   7.   7.   0.   0.   7.   7.   3.   0.  17. 
  5.   5.   0.   0.   0.    0.   5.   5.   0.   9.   0.  12.   0.   0.   4.   0. 
  0.   0.   6.   6.   6.    6.   0.   0.   2.   0.  10.   2.  18.   0.   0.   4. 
  1.   1.   5.   6.   2.    2.   2.   3.   0.   4.   4.   9.   2.   4.   4.   0. 
  8.   9.  11.  12.   0.    0.   3.   3.  12.   2.   2.   7.   0.   4.   2.   0. 
  3.   4.   0.   0.   3.    3.   0.   1.   0.   7.   7.   1.   0.   7.   8.   0. 
  0.   0.   3.   3.   0.    0.   3.   3.   2.  34.   0.  14.  11.   0.  10.   2. 
  1.   1.   2.   2.   0.    0.   3.   3.   1.  12.   0.  21.   1.   0.  30.   1. 
  8.   8.   6.   7.   1.    1.  15.  16.  20.   0.   0.  12.  12.   0.   6.  12. 
  0.   0.  12.  12.   6.    6.  16.  16.   4.   0.   0.   4.   4.   6.  16.   4. 
  2.   3.   0.   0.   2.    3.   0.   0.  20.  29.   0.  32.  30.   0.  30.  20. 
  0.   0.  12.  12.   4.    4.   8.   8.   3.   0.  18.   3.   3.  18.   0.   9. 
 15.  15.   8.   8.   2.    2.   5.   5.   1.  12.  23.   1.   1.   0.   0.   1. 
  0.   1.   4.   5.   6.    6.   1.   1.   0.   0.   0.   0.   0.  25.   9.   0. 
  0.   0.   5.   5.   5.    6.   3.   4.   2.   0.   0.   2.   8.   0.   0.   8. 
 14.  14.   0.   0.   6.    6.  19.  20.  28.   0.   0.   2.   2.   0.  32.   2. 
  6.   6.   6.   7.   0.    0.   0.   1.   0.  22.  12.   7.  18.  12.  12.   0. 
  0.   0.   2.   2.   2.    2.   0.   0.   0.   0.   0.  36.   4.   0.  21.   0. 
 16.  16.  22.  23.  13.   13.   0.   0.   0.   8.  16.   0.  28.   8.   8.   0. 
  5.   5.   0.   0.   6.    6.   1.   1.  24.   0.   0.  14.  14.  10.   6.  14. 
 15.  15.  17.  17.   2.    2.   0.   0.   0.   0.   0.  40.   8.   0.   0.   0. 
  0.   0.  11.  11.  11.   11.  22.  22.   0.  12.  10.   0.  24.  10.  10.  20. 
  0.   0.   7.   7.   0.    0.   7.   7.  15.   2.   2.   0.   0.   4.   6.   0. 
 19.  19.   6.   6.  13.   13.   0.   0.  20.   0.   0.  13.  10.   2.   0.  10. 
 16.  17.  12.  12.   0.    0.  18.  18.  22.   5.  22.   0.   0.   5.   5.   0. 
 11.  12.   0.   0.  21.   22.  10.  10.   0.   6.   4.   0.  10.   4.  33.   0. 
  9.   9.  18.  18.  13.   13.   0.   0.   0.   2.  10.   0.  23.   2.   2.   0. 
  1.   1.   3.   3.   7.    7.  11.  12.   0.  24.  10.   0.   0.  10.  10.  27. 
 26.  26.   7.   7.  26.   26.   0.   0.   6.   0.   2.   6.  10.   0.   0.   6. 
  0.   0.   7.   8.   1.    2.   6.   6.   0.   7.   7.   1.   0.  17.  18.   0. 
 10.  11.   0.   1.   7.    7.   3.   3.   0.   8.  12.   0.   0.   0.   0.   0. 
  8.   8.   1.   1.   9.    9.   0.   0.   3.   0.   8.   3.  33.   0.   0.  11. 
 13.  13.   3.   3.  16.   16.   0.   0.  21.   0.   5.  21.  21.   6.   0.  23. 
  2.   2.   0.   0.   6.    6.   4.   4.  16.   0.   0.   3.   3.  36.  37.   3. 
 16.  17.   0.   0.  10.   10.   6.   7.   6.  17.   4.   6.   6.   0.   0.  22. 
  7.   8.   1.   1.   2.    2.   4.   5.   5.  14.  20.   0.   0.  14.  14.   0. 
  2.   2.   2.   2.   0.    0.   0.   0.   2.   2.   0.  14.  32.   0.   0.   2. 
  0.   0.   1.   1.   3.    4.   4.   5.  20.   5.   0.  20.  20.   0.   0.  22. 
 20.  21.   5.   5.  11.   12.   4.   4.   8.  14.  14.   0.   0.  14.  14.   0. 
  5.   5.   0.   0.   0.    0.   5.   5.   0.  21.   0.  14.   0.   0.  24.   0. 
  5.   5.   5.   6.   2.    3.   0.   0.   0.   0.   0.  15.   0.   5.   0.   0. 
 14.  14.  14.  15.   0.    0.   0.   1.   6.   0.  11.   2.   2.   1.   0.   2. 
  2.   3.   0.   0.   6.    7.   4.   4.   0.  32.   4.   0.  14.   4.  30.   0. 
 17.  18.  21.  21.   0.    0.  10.  10.   0.  22.   5.  22.   0.   5.   5.   0. 
  5.   5.  11.  11.   0.    0.   6.   6.   0.  27.  26.  27.  24.  26.  26.   0. 
  8.   8.   3.   3.   3.    3.   2.   2.   1.  10.   1.   1.   1.   0.   0.   1. 
 12.  12.   0.   0.  12.   13.   0.   1.   0.   9.   8.   0.   1.   8.   8.   0. 
 22.  22.   0.   0.  24.   24.   9.  10.   4.   6.   6.   0.   0.   6.   6.   5. 
 17.  17.   4.   4.  12.   12.   1.   1.  10.   6.   0.  12.  10.   0.   0.  10. 
 13.  13.  16.  16.   0.    0.   3.   3.   2.   1.   1.  18.   0.   7.   1.   0. 
 17.  17.   0.   0.  26.   26.   9.   9.   5.   0.   0.   4.   4.   6.   0.  19. 
  8.   9.   7.   8.   0.    0.   9.   9.  10.   0.   0.  16.  10.   0.   0.  10. 
  4.   4.   8.   9.   0.    0.   4.   5.   0.  15.   7.   0.  29.   5.   5.   0. 
  3.   3.   0.   0.   3.    3.   0.   0.   6.  13.   0.  12.  12.   0.   6.   6. 
 10.  11.   8.   8.   0.    0.   2.   3.   2.   0.   0.  10.   2.   0.   0.   2. 
  1.   1.   3.   4.   6.    7.  11.  11.   2.  10.  10.   0.   0.  10.  10.   1. 
 10.  10.   2.   2.  12.   12.   0.   0.   5.   0.   0.  19.  13.   0.   3.   5. 
 18.  18.   0.   0.   3.    3.  15.  15.  15.  12.  12.  34.   0.  12.  21.   0. 
 17.  17.   9.   9.   8.    8.   0.   0.   5.  24.   3.   5.   9.   0.   0.   5. 
  9.   9.  11.  11.   6.    6.   0.   0.   9.   0.  29.   9.   9.   2.   0.   9. 
  6.   6.  16.  16.   0.    0.  10.  10.   0.   9.   4.  39.   6.   4.   4.   0. 
 12.  13.   0.   0.  15.   16.   4.   4.   4.   6.   0.   4.   4.   0.   0.   8. 
  8.   8.   0.   0.  20.   21.  12.  13.   0.  11.   8.   0.  14.   8.   8.  29. 
  3.   4.   0.   0.   3.    4.   0.   0.  17.   3.  15.   0.   0.  15.   3.   1. 
 29.  29.   8.   8.   3.    3.  40.  40.   9.   0.   0.   7.   7.   0.   0.   7. 
  8.   9.   8.   8.  16.   17.   0.   0.   6.   0.   0.   6.   6.   0.  10.   6. 
  0.   0.  14.  14.  11.   11.   3.   3.   2.   0.   0.  10.   5.   0.   6.   2. 
  1.   1.   3.   3.   0.    0.   4.   4.  28.   0.   0.   3.   0.   0.  16.   0. 
  0.   0.   7.   8.   0.    0.   7.   8.   4.  10.   1.   4.  14.   0.   0.  28. 
 14.  15.   0.   0.  10.   11.   4.   4.   0.  36.  12.   0.   0.  10.  10.  21. 
  0.   0.   3.   3.   0.    1.   2.   3.   2.   0.   0.   6.   9.   0.  27.   2. 
  0.   1.   0.   0.   0.    1.   1.   1.   2.   0.   0.   2.   2.   0.   0.   2. 
 11.  11.  18.  18.  34.   35.   6.   6.   0.  12.  12.   0.   0.  15.  12.   6. 
  8.   8.   0.   0.   1.    1.   7.   7.   0.  34.   7.  24.   0.   7.  25.   0. 
 17.  18.   0.   0.  15.   16.  28.  28.   2.   5.   0.   2.   2.   0.   2.   2. 
  8.   9.   0.   0.   1.    2.   7.   7.  10.   9.   0.  20.  10.   0.   5.  10. 
  0.   0.  11.  11.   4.    4.  15.  15.   6.   1.   0.   6.   9.   0.   0.  11. 
  0.   0.   8.   9.  12.   12.  20.  21.   0.  12.   3.   0.   0.   3.   5.   0. 
 13.  13.   0.   0.   6.    6.   7.   7.  13.   6.  22.  13.  13.   0.   0.  30. 
 24.  24.   0.   1.  22.   22.   1.   2.   6.   2.  11.   6.   6.   0.   0.   6. 
  3.   3.   2.   3.   0.    0.   5.   6.  11.   7.   0.  35.  11.   0.   3.  11. 
  0.   0.   1.   2.   5.    5.   6.   7.   7.   0.   0.   5.   5.  14.   0.  12. 
 18.  18.   0.   0.  15.   15.   3.   3.   4.   2.   8.   0.   0.   2.   2.   1. 
  2.   2.   0.   0.  14.   14.  12.  12.   8.   0.   0.   2.   2.  26.  20.   2. 
  1.   1.   1.   1.   3.    3.   1.   1.   0.   2.   2.   0.   3.   2.  13.   0. 
  0.   0.   8.   8.   0.    0.   8.   8.   2.   0.  15.   2.  10.   0.   0.   2. 
 23.  23.  16.  16.   7.    7.   0.   0.   0.  15.   8.   0.  26.   8.   8.   0. 
  4.   5.   0.   1.   4.    4.   0.   0.   0.   9.   8.   0.   1.   8.   8.   0. 
  0.   0.   2.   2.  16.   16.  18.  18.  13.   0.   0.   4.   4.  17.   0.   4. 
 13.  13.   0.   0.  13.   14.   0.   1.  13.  12.  12.   0.   0.  21.  12.   8. 
  0.   0.   0.   0.   5.    6.   5.   6.  11.   0.   0.   0.   0.  14.  14.   0. 
  0.   0.   0.   1.   0.    1.   1.   1.   2.   1.   0.   2.   2.   0.   0.   2. 
 13.  13.  10.  10.   3.    3.   0.   0.  20.   0.  12.   2.   2.   4.   0.   2. 
  0.   0.  23.  23.  12.   13.  13.  13.   0.   3.   3.   0.   0.  15.   4.   0. 
 11.  11.  12.  13.  16.   17.   0.   0.  12.   0.   5.  12.  12.  13.   0.  12. 
  6.   6.   0.   0.   4.    4.   2.   2.  20.   0.   5.  16.  16.   0.   0.  30. 
  3.   3.   0.   0.   9.    9.   6.   6.   0.   4.   3.   0.   6.   3.   3.   0. 
  3.   4.   4.   4.   1.    2.   9.   9.  24.   6.   6.   0.   0.   6.  18.   0. 
  4.   5.   0.   0.  12.   12.   7.   8.   0.   2.   0.   0.  17.   0.   0.   7. 
  7.   8.   1.   1.   5.    5.   1.   2.   0.  32.  24.   4.   0.  24.  24.   0. 
  1.   1.   0.   0.   1.    2.   0.   1.   8.   0.   0.   7.   7.   1.   0.   7. 
  0.   0.   2.   2.   0.    1.   1.   2.   2.   0.  12.   2.   2.   6.   0.   4. 
 16.  17.  23.  23.  15.   16.   0.   0.   0.   4.  19.   0.  12.   4.   4.   0. 
  0.   1.   9.   9.   0.    1.   8.   8.   0.  19.  19.   0.   0.  19.  19.   0. 
  4.   4.   0.   0.   5.    5.   9.   9.  10.   0.   0.   0.   0.   0.   0.   0. 
  4.   4.   1.   1.   5.    5.  10.  10.   3.   8.   0.   3.   3.   0.  19.   3. 
 18.  18.   0.   0.   4.    4.  14.  14.   2.   7.   7.   0.   0.   7.   7.  24. 
 14.  14.  10.  10.   0.    0.   7.   7.   6.   0.   8.   0.   0.   0.   0.   0. 
 17.  18.  13.  13.  17.   18.   0.   0.   0.  16.  16.  25.  20.  16.  16.   0. 
  3.   3.   0.   0.   4.    4.   1.   1.   0.   9.   0.   0.   1.   0.   0.   6. 
  0.   1.   3.   3.   0.    1.   2.   2.   4.   0.   0.   4.   4.   0.   0.   4. 
 18.  18.   0.   0.   1.    2.  16.  17.   9.  14.   0.  22.   9.   0.  10.   9. 
  5.   5.  10.  10.  15.   15.   0.   0.   0.   2.   2.  16.   0.  10.  12.   0. 
  5.   6.   5.   5.   0.    1.   0.   0.   5.  22.  17.   5.  12.   0.   0.   5. 
 12.  12.   0.   0.  12.   12.   0.   0.  24.  12.  12.   4.   0.  13.  26.   0. 
 10.  10.   0.   0.  10.   10.   0.   0.   0.  16.  10.   4.   3.  10.  20.   0. 
  0.   0.  16.  16.   1.    1.  15.  15.   0.   9.  14.   0.   8.   9.   9.   1. 
  0.   0.   0.   0.   2.    3.   2.   3.   8.  16.  16.   0.   0.  28.  16.   5. 
  7.   8.   0.   0.   5.    5.   2.   3.  12.   5.   5.  36.   0.   5.   9.   0. 
  0.   0.  17.  17.  24.   24.  26.  26.  14.   0.   0.  14.  22.   0.   4.  14. 
  0.   0.  27.  28.  18.   19.  11.  11.   0.  12.  12.   0.   6.  12.  12.   8. 
  6.   6.   5.   5.   1.    1.   0.   0.   0.  21.  14.   0.   7.  14.  14.   0. 
 18.  18.  27.  27.   0.    0.   9.   9.  10.  34.  15.  10.  32.   0.   0.  10. 
  4.   4.   2.   2.   7.    8.   2.   2.   0.  19.  19.   0.  19.  19.  24.   0. 
  1.   1.   0.   1.   0.    0.   0.   1.   0.   2.   2.   0.   0.   2.   2.   0. 
 16.  16.  17.  18.   0.    0.  16.  17.   6.   2.  29.   6.   6.   0.   0.   6. 
  3.   4.   4.   5.  12.   12.   4.   4.  12.   0.   0.  12.  12.   8.   1.  12. 
 11.  11.  14.  15.   1.    1.   2.   2.   0.   2.  18.   0.   0.  10.   2.   0. 
  5.   5.   0.   1.   5.    6.   0.   0.   7.   0.   1.   7.   7.   0.   0.   8. 
  7.   7.   7.   7.   5.    5.  19.  19.  15.  17.   0.  15.  15.   0.   0.  30. 
 10.  11.   8.   8.   0.    0.  18.  19.  40.   0.   0.  14.   6.   0.   8.   6. 
 14.  14.   0.   0.  19.   20.  24.  25.  35.   0.   0.   8.   8.   0.   1.   8. 
  4.   4.  11.  11.   3.    4.  18.  19.   4.   1.   0.   4.   4.   0.   5.   4. 
 10.  11.   0.   1.   7.    7.   3.   3.   3.   5.   0.  14.   3.   0.   0.   3. 
  2.   3.   2.   3.   4.    4.   9.   9.   8.   0.   0.   0.   0.   0.   5.   0. 
 10.  10.  13.  13.   4.    4.   0.   0.  23.   0.  24.  23.  26.   0.   0.  23. 
  2.   2.   5.   5.   0.    0.   3.   3.  13.   0.   0.  10.   2.   8.   0.   2. 
  0.   0.  19.  19.  11.   11.   8.   8.   0.  13.  21.   0.   0.  38.  13.  24. 
  2.   3.   0.   0.   2.    3.   0.   0.   0.  14.   6.   0.  11.   5.   5.  16. 
  3.   3.  13.  13.   0.    0.  10.  10.  12.  12.  24.  12.  30.   0.   0.  12. 
  0.   0.   8.   8.   3.    3.   5.   5.   0.   0.   0.   2.   0.   1.   9.   0. 
  2.   2.   0.   0.   2.    2.   0.   0.  16.  36.  10.  16.  22.   0.   0.  18. 
  0.   0.   1.   1.   0.    0.   1.   1.   2.   8.   8.   0.   0.  19.   8.  13. 
  0.   0.   4.   4.   0.    0.   4.   4.   0.  10.  14.   0.  36.   6.   6.   8. 
  4.   5.   1.   1.   4.    5.   0.   0.  12.   0.   0.  12.  12.   0.   0.  12. 
  5.   5.   3.   3.   8.    8.   0.   0.   0.   8.  18.   0.  21.   8.   8.  39. 
  6.   6.   0.   0.   3.    4.   2.   3.   8.   3.  11.   0.   0.   3.   3.   7. 
  5.   6.   0.   0.   0.    0.   5.   6.   2.   5.  14.   0.   0.   5.   5.   0. 
 12.  12.  22.  22.  24.   24.   0.   0.  10.   0.  17.  10.  10.   0.   0.  10. 
  3.   4.   9.  10.  13.   13.   0.   0.   0.  10.  10.   4.  12.  10.  33.   0. 
 11.  11.   9.  10.   1.    2.   0.   0.   0.   9.   0.   8.   7.   0.   0.   0. 
  0.   0.   3.   3.   1.    2.   4.   5.   1.   1.   0.   1.   3.   0.   0.   4. 
  0.   0.   3.   3.   5.    5.   2.   2.   0.   0.   0.   0.  24.   0.   0.   2. 
 18.  19.   0.   0.   0.    0.  18.  19.   8.   0.  18.   0.   0.   0.   0.  16. 
 13.  13.   6.   7.   1.    2.   5.   5.  24.   0.   8.  22.  22.   0.   0.  22. 
 12.  12.   0.   0.  16.   16.   4.   4.  12.   0.   0.   0.   0.  17.   5.   0. 
  4.   5.   0.   1.   0.    0.   4.   4.   2.   0.   0.   0.   0.   0.   0.   0. 
  0.   0.   1.   2.   1.    2.   0.   0.   0.   0.  12.   0.   0.   7.   0.   8. 
  3.   3.   0.   0.   6.    6.   3.   3.   8.  30.   0.   8.  12.   0.  29.   8. 
  0.   0.   7.   7.   0.    0.   7.   7.   0.   7.  11.   0.  23.   7.   7.  18. 
  1.   1.   0.   0.   8.    9.   7.   8.  37.   2.   2.   0.   0.   6.  15.   0. 
  0.   0.   7.   8.   0.    1.   8.   8.   2.   0.   0.   2.  11.   0.   0.  19. 
 16.  16.   0.   0.  13.   14.   2.   3.   2.  16.   0.   2.   2.   0.   7.   2. 
 12.  12.   0.   0.  12.   12.   0.   0.  34.  16.  16.  32.   0.  22.  18.   0. 
  6.   7.  16.  17.   0.    0.  10.  10.   0.  22.  16.  39.   5.  16.  16.   0. 
  1.   1.   0.   0.   1.    1.   0.   0.  14.   0.  34.  10.  10.  16.   0.  13. 
 25.  26.   5.   6.  11.   12.   8.   9.  28.   0.   7.  10.  10.   0.   0.  10. 
  3.   3.   0.   0.   3.    3.   0.   0.   0.   8.   0.  16.  12.   0.  15.   0. 
 16.  16.  20.  20.  14.   14.   0.   0.   0.  25.  25.  13.  16.  25.  25.   0. 
  9.   9.  15.  15.   0.    0.   6.   6.   0.  11.   8.  12.  14.   8.   8.   0. 
  9.   9.   0.   0.   3.    3.   6.   6.   1.  34.  16.   1.   1.   0.   0.  16. 
  7.   8.  10.  10.   0.    0.  12.  12.   0.   9.  28.   0.   0.   3.   3.   0. 
  4.   5.   3.   3.   0.    0.   7.   8.   2.   1.   1.   9.   0.   1.   6.   0. 
  2.   3.  14.  14.   2.    3.   9.   9.   8.   0.   0.  11.   8.   6.   0.   8. 
 16.  16.   0.   1.  16.   17.   0.   0.   0.  13.  16.   0.   0.  26.  13.   8. 
  2.   3.   7.   8.   3.    3.  13.  13.  26.   0.   0.  18.  18.   0.   0.  24. 
  0.   0.   9.   9.   6.    6.  15.  15.  10.  14.  14.   0.   0.  28.  14.  20. 
 12.  12.   0.   0.  12.   12.   0.   0.   3.   4.   4.   6.   0.  11.  16.   0. 
 15.  16.   5.   5.  20.   21.   0.   0.   0.   6.   8.   0.  13.   6.   6.   8. 
  3.   3.  10.  10.   4.    4.   3.   3.   4.   0.   1.   4.   9.   0.   0.   4. 
  0.   0.  22.  23.  18.   18.   4.   5.   0.   2.  22.   0.  27.   2.   2.   0. 
  0.   0.  12.  13.   8.    8.   4.   5.   0.   0.  14.   0.   8.   0.   0.  20. 
  0.   0.   4.   5.   0.    0.   4.   5.   2.   3.   0.  14.  16.   0.  19.   2. 
  5.   5.   0.   0.   7.    8.   2.   3.  10.   0.   0.   1.   1.  10.   0.   8. 
  1.   1.   4.   5.   3.    3.   1.   1.   0.   3.   3.   9.  32.   3.   3.   0. 
  0.   1.   1.   1.   0.    1.   2.   2.   0.   2.   2.   0.   0.   2.   2.   0. 
 14.  14.   6.   6.  35.   35.  15.  15.   0.  20.  20.   0.  14.  20.  20.   5. 
 14.  14.   0.   0.   1.    1.  13.  13.   9.  10.   0.  11.   9.   0.   8.   9. 
  6.   7.   5.   6.  12.   13.   0.   1.   6.   0.   0.   6.   6.  21.   0.  16. 
  8.   9.   6.   7.   1.    1.   1.   1.  26.   0.   0.  20.  19.   0.   0.  19. 
 11.  11.   4.   4.   5.    5.   2.   2.   0.  15.   4.  15.   0.   4.   4.   0. 
  8.   8.  20.  20.   4.    4.   8.   8.  22.   0.  20.  22.  22.  26.   0.  22. 
  2.   2.   9.  10.   0.    0.  11.  12.   0.  11.  19.   0.   0.   8.   8.  11. 
  0.   0.  13.  14.   6.    7.  12.  12.   0.   4.   4.   0.   0.   6.   4.   1. 
 17.  17.   2.   2.   1.    1.  20.  20.   0.  22.   2.   0.   0.   2.   2.  22. 
  0.   0.  11.  11.   0.    0.  11.  11.  17.   0.  22.   8.   8.   4.   0.  13. 
 16.  17.  10.  10.  13.   14.   0.   0.   0.  15.  15.  14.  37.  15.  15.   0. 
  0.   1.   2.   2.   0.    1.   3.   3.   7.   0.   0.   7.   7.   0.   0.   7. 
  0.   0.  13.  13.   3.    4.  16.  17.   6.   4.   4.   0.   0.   9.   4.   6. 
  3.   4.   0.   0.   3.    3.   0.   1.   6.   3.   7.   6.   6.   0.   0.   7. 
  0.   0.  12.  13.  17.   18.  17.  17.   0.  12.  12.   0.   0.  31.  12.  10. 
 15.  15.   0.   0.  14.   14.  13.  13.  14.  24.   0.  14.  14.   0.  31.  14. 
 17.  17.   0.   0.   9.    9.  18.  18.   9.   0.   0.   7.   7.   0.   0.  18. 
  0.   0.   8.   8.   8.    8.   0.   0.   0.   8.   8.  18.   0.  12.  23.   0. 
  0.   0.   1.   2.   6.    7.   8.   8.   3.   2.   2.   0.   0.  39.   2.  37. 
  5.   5.   0.   0.   5.    5.   0.   0.  30.   6.   6.   6.   0.  11.  23.   0. 
  6.   6.   0.   0.   6.    6.   0.   0.   8.   8.  16.   0.   0.  16.   8.  15. 
  1.   2.   1.   1.   2.    3.   0.   0.  10.   0.   0.  14.  16.   0.   7.  10. 
  9.  10.   5.   6.   3.    3.   1.   1.   0.  26.   9.   0.   0.   1.   1.   0. 
  0.   0.  19.  20.   3.    4.  16.  16.   3.   0.   4.   3.   6.   0.   0.  29. 
  4.   4.   1.   1.   3.    3.   0.   0.   1.   6.   0.  10.  13.   0.   0.   1. 
  2.   2.   0.   0.   3.    3.   1.   1.  22.   1.   1.   0.   0.   2.   1.  36. 
  0.   0.  11.  11.   5.    5.  16.  16.   0.  37.  21.   0.  22.  21.  21.   5. 
  0.   0.  15.  15.   9.    9.  24.  24.  18.   9.   9.   0.   0.  31.  26.   0. 
 22.  23.   0.   0.   8.    9.  14.  14.   0.  32.  14.   0.   0.  10.  10.  16. 
 11.  11.  30.  31.  33.   34.   0.   0.   8.   0.   4.   8.   8.  16.   0.   8. 
  7.   8.   5.   6.   0.    0.   2.   2.   3.   4.   4.   0.   0.   4.   4.   0. 
  9.  10.   2.   2.   1.    1.   7.   7.  32.  15.  27.   0.   0.  15.  15.   0. 
  5.   5.   0.   0.   5.    5.   0.   0.  15.   4.  34.   0.   0.   6.   4.  18. 
  1.   2.   3.   4.   0.    0.   5.   5.   0.   7.   1.  12.   0.   1.   4.   0. 
  2.   3.   3.   3.   0.    0.   5.   6.  17.   0.  13.  14.  14.   0.   0.  20. 
  4.   4.   0.   0.   8.    8.   4.   4.  18.   0.   0.  11.  11.  18.  27.  11. 
  2.   3.   3.   3.   0.    1.   6.   6.   0.  12.   4.   0.   0.   4.   4.   4. 
  0.   0.   4.   4.  10.   11.   6.   7.   0.   0.   0.   0.   0.  37.   0.  24. 
  0.   0.   3.   4.   9.    9.  12.  13.   5.  24.  24.   0.   0.  24.  24.   9. 
  1.   2.   0.   0.   1.    2.   0.   0.   3.  14.   0.   8.  17.   0.   7.   3. 
  2.   3.   0.   0.   0.    0.   2.   3.   0.   7.  34.   0.   0.   0.   0.   1. 
 18.  18.   0.   0.   0.    0.  18.  18.   0.  12.   0.   2.   0.   0.  16.   0. 
  0.   0.   2.   2.   0.    0.   1.   2.   0.  12.  31.   0.  23.   0.   0.   0. 
  0.   1.   8.   8.   0.    0.   7.   8.   0.   4.   2.   0.   1.   2.   2.   0. 
  0.   0.   2.   2.   1.    1.   1.   1.  10.   0.   0.  12.  10.   3.  24.  10. 
 11.  11.  23.  23.   0.    0.  13.  13.   9.   9.   0.   9.   9.   0.   0.   9. 
  0.   0.   2.   2.   8.    8.   6.   6.   0.   0.   0.   0.   0.  12.   0.  15. 
  0.   0.   1.   2.   0.    0.   1.   2.   8.  10.  10.   8.  10.   0.   0.  17. 
 19.  19.   0.   0.  16.   17.   3.   4.   0.  18.  14.   0.   0.  14.  26.   0. 
 20.  21.   1.   1.   9.   10.  31.  31.   0.  15.   3.   0.   0.   3.   3.   4. 
  4.   5.   3.   4.   0.    0.   1.   1.  20.   0.   0.  21.   0.   0.   0.   0. 
  8.   8.   5.   5.   2.    2.  15.  15.   0.  18.   6.   0.   0.   6.   6.  24. 
 15.  15.   0.   0.  15.   15.   0.   0.  14.   0.   0.  10.   6.  20.   2.   6. 
 13.  14.   7.   7.  11.   12.   0.   0.   1.   0.  19.   1.  23.   0.   0.   1. 
 20.  20.   2.   3.  12.   13.   5.   5.  14.  27.   0.  18.  14.   0.   0.  14. 
  2.   2.  25.  26.   6.    6.  18.  18.   0.   4.   4.  30.   4.   4.   4.   0. 
 16.  16.   5.   5.   5.    5.   6.   6.   8.   1.   1.  21.   0.   1.   1.   0. 
  0.   0.   7.   7.   0.    1.   6.   7.   0.   5.   5.   1.   0.   5.   6.   0. 
 17.  17.  26.  27.   9.    9.   1.   1.   0.   2.   6.   0.   6.   2.   2.   0. 
 18.  18.   0.   0.  16.   16.   2.   2.  26.   0.   0.  22.  16.   0.  27.  16. 
  0.   0.   0.   1.   0.    1.   0.   0.   0.   0.  13.   0.  27.   0.   0.  20. 
  2.   3.  13.  14.   0.    0.  11.  11.  24.   0.   0.  14.  12.   3.   0.  12. 
  1.   1.   2.   2.   0.    0.   3.   3.  12.   2.   2.  12.   0.   2.  12.   0. 
 10.  11.   9.   9.   0.    0.  11.  11.   6.   4.   4.   7.   0.   4.   4.   0. 
 10.  10.   5.   5.   0.    0.  15.  15.  23.   0.  36.  17.  17.   0.   0.  21. 
 12.  12.  10.  10.   6.    6.   0.   0.   4.   0.   9.   4.   6.   0.   0.   4. 
  0.   0.   2.   2.   2.    3.   4.   5.   0.   8.   0.   0.   9.   0.   0.   3. 
  0.   0.  12.  13.   4.    5.  17.  17.  22.   1.   1.   0.   0.   6.   8.   0. 
  0.   1.   6.   7.   0.    0.   6.   6.  24.   0.   6.  15.  15.   2.   0.  15. 
 11.  12.   2.   2.  21.   22.  35.  35.   8.   0.   0.   0.   0.   0.   6.   0. 
  0.   0.   8.   9.   1.    1.   8.   9.  16.   0.   0.  16.  16.   0.   0.  16. 
  0.   0.   1.   1.  15.   15.  16.  16.   3.   6.   0.   3.  15.   0.   1.   3. 
  7.   8.   2.   2.   4.    4.   1.   1.   4.   7.   0.  17.   4.   0.   0.   4. 
  3.   3.   2.   2.   3.    3.   0.   0.   0.   0.   0.   8.   8.   0.   0.   0. 
 14.  14.   0.   0.  15.   15.   1.   1.   0.  10.   7.   0.   0.   7.   7.  40. 
  8.   9.   0.   0.   5.    5.   3.   4.   0.  14.  13.   0.   0.  11.  11.   3. 
  0.   0.   0.   0.   0.    0.   0.   0.  24.   1.  20.   0.   0.   7.   1.  16. 
  4.   4.   5.   5.   0.    0.   1.   1.   0.  14.   8.   6.   2.   8.   8.   0. 
  1.   1.   0.   0.   1.    1.   0.   0.   0.   2.   6.   0.  32.   2.   2.   6. 
  0.   0.   8.   9.  23.   24.  21.  21.   0.   3.   3.   0.   4.   3.  10.   0. 
 11.  11.   0.   0.  11.   11.   0.   0.   0.  10.   8.  13.  14.   8.  12.   0. 
  0.   0.   5.   6.   2.    3.   3.   3.   0.   2.   2.   4.   0.   4.  12.   0. 
  0.   0.   2.   2.  15.   15.  17.  17.   3.  12.   0.   3.  13.   0.  11.   3. 
  1.   2.   5.   5.   0.    0.   3.   4.  40.   6.   6.   9.   0.  19.   6.   0. 
 17.  17.  18.  18.   0.    0.  35.  35.   1.   2.  12.   0.   0.   2.   2.  14. 
  1.   1.   0.   0.   1.    1.   0.   0.  10.   7.  24.   0.   0.  14.   7.   0. 
  2.   2.  15.  16.   0.    0.  13.  14.  24.   0.   4.  18.  18.   4.   0.  18. 
 14.  15.   0.   0.   8.    8.  17.  18.  21.  18.   0.  21.  21.   0.  30.  21. 
  1.   1.   3.   3.  19.   19.  23.  23.  22.   0.   0.   2.   2.   0.  32.   2. 
 11.  11.   8.   8.   3.    3.   0.   0.   1.   0.   0.  10.   0.   0.   0.   0. 
  5.   5.  17.  17.   0.    0.  15.  15.  16.   7.   0.  23.  16.   0.   0.  16. 
  7.   7.   3.   3.   4.    4.  14.  14.  14.   0.   0.   0.   0.   0.  12.   0. 
  0.   0.   1.   2.   0.    0.   1.   2.   2.   1.  26.   2.  15.   0.   0.   8. 
  2.   3.   1.   2.   4.    4.   0.   0.   6.   0.   0.  31.  13.   0.   2.   6. 
 11.  11.  17.  17.   0.    0.   6.   6.  35.   0.  34.   8.   8.  16.   0.   8. 
 12.  12.   3.   3.   0.    0.  15.  15.   0.   2.   2.   0.   0.   0.   0.   6. 
  6.   6.   0.   1.   5.    5.   0.   1.   0.   2.   2.   0.   0.   2.   2.   0. 
  1.   1.   0.   0.   1.    1.   0.   0.   0.  23.   9.   8.  12.   9.   9.   0. 
  0.   0.   0.   0.   0.    0.   0.   0.   0.   7.   2.   0.  12.   0.   0.  14. 
 14.  14.   0.   0.   8.    9.   5.   6.   8.   6.   8.   0.   0.   6.   6.  11. 
  0.   0.  15.  15.   0.    0.  15.  15.  30.   0.   0.  16.  16.  15.  15.  16. 
  7.   7.   0.   0.   7.    7.   0.   0.   0.  28.  22.   0.  14.  14.  14.  14. 
 27.  28.   0.   0.  22.   22.   5.   6.  10.  14.  21.  10.  10.   0.   0.  20. 
  9.  10.  22.  23.   0.    0.  13.  13.   0.  12.  12.  24.   2.  12.  12.   0. 
  7.   8.   6.   7.   6.    6.   0.   0.   0.  12.  18.   0.   3.  12.  12.   0. 
  9.   9.   6.   6.   0.    0.   7.   7.   0.  14.   0.  13.   0.   0.   0.   0. 
  0.   0.   0.   0.  13.   14.  13.  14.   0.  16.   0.   0.  15.   0.   0.  20. 
 12.  12.   3.   3.   0.    0.  15.  15.   9.   0.  26.   7.   7.   0.   0.  18. 
  1.   1.   9.   9.   3.    3.   5.   5.   0.  19.  19.  10.   0.  22.  19.   0. 
  0.   0.  10.  10.   7.    8.   3.   3.   0.   2.   2.   0.   0.   6.   2.   5. 
  7.   7.   0.   0.   3.    3.   4.   4.   0.  37.  24.   0.   0.   3.   3.  32. 
 13.  13.  17.  17.   3.    3.   1.   1.   0.   3.   5.   0.   0.  15.   3.   0. 
  9.  10.  35.  35.  19.   20.   6.   6.   1.   0.   0.   6.   1.  12.   0.   1. 
  0.   0.   3.   3.   0.    0.   3.   3.   6.   0.   0.  16.   2.   9.   3.   2. 
  1.   2.   2.   2.   0.    0.   3.   4.   0.  27.   1.   6.   0.   1.   9.   0. 
 15.  16.   0.   0.   4.    4.  11.  12.  10.   5.   0.  15.  10.   0.   0.  10. 
  3.   3.   2.   2.   1.    1.   0.   0.   8.  10.   0.  18.  19.   0.   0.   8. 
  0.   0.  20.  20.  18.   18.   2.   2.   0.   7.  37.   0.   4.   7.   7.   5. 
  8.   8.   0.   0.   8.    8.   0.   0.   0.   1.   1.   0.   2.   0.   0.   2. 
 22.  22.  18.  19.   3.    4.   0.   0.   0.   2.   0.  24.  10.   0.   0.   0. 
  8.   9.   0.   1.   8.    8.   0.   0.   4.   1.   0.   4.   5.   0.   0.   4. 
  5.   5.   8.   8.   0.    0.   3.   3.  12.   3.  22.   0.   0.   6.   3.   0. 
  9.  10.   0.   0.   8.    9.   7.   7.   3.   3.   3.   0.   0.   3.   3.   6. 
  0.   0.   0.   0.   0.    0.   0.   0.   0.   5.   0.  11.  18.   0.   4.   0. 
  6.   7.   5.   6.   0.    0.   7.   7.   3.   8.  19.   3.   3.   0.   0.   3. 
 10.  11.   0.   0.   9.    9.   1.   2.  10.   0.  11.   7.   7.   0.   0.  16. 
  0.   0.  14.  14.  10.   10.   4.   4.   0.   8.   8.   0.   0.  26.   8.  16. 
  0.   0.   7.   7.   5.    6.   4.   4.   0.   8.   8.   0.   7.   8.   8.  18. 
 12.  12.   0.   0.  16.   16.   4.   4.  14.  20.  20.   0.   0.  24.  22.   0. 
  0.   1.   0.   0.   0.    1.   0.   0.   7.   5.  13.   7.  12.   0.   0.  19. 
 20.  20.  15.  15.  38.   39.   3.   3.   6.   0.   0.   6.   6.   7.   9.   6. 
  3.   3.  12.  12.   8.    8.   1.   1.   8.   0.   0.  19.  19.   0.   0.   8. 
 11.  11.   0.   0.  28.   29.  17.  18.  24.   3.   3.   0.   0.  13.   7.   0. 
 11.  12.   0.   0.  10.   11.  10.  10.  37.  15.  15.   0.   0.  15.  23.   0. 
  0.   1.   5.   5.   0.    0.   5.   6.   0.   4.   4.   0.   0.   4.   4.   1. 
 16.  17.   0.   0.  13.   13.   3.   4.   0.   2.   3.   0.   0.   2.   2.  10. 
  6.   7.   0.   0.   1.    1.   5.   6.  19.   0.   0.  26.  16.   0.  13.  16. 
  2.   2.   0.   0.   2.    2.   4.   4.   0.  31.   0.   0.   0.   0.   0.  26. 
 18.  18.   0.   0.  18.   18.   0.   0.   0.  16.  22.   0.  24.   2.   2.  34. 
  7.   7.   0.   0.   7.    7.   0.   0.  14.   4.   0.  23.  22.   0.  37.  14. 
  0.   1.   1.   1.   0.    0.   1.   2.   0.   1.   2.   0.   0.   1.   1.   1. 
  7.   7.  15.  15.   0.    0.   8.   8.   2.   5.   5.  12.   0.   8.   5.   0. 
  0.   0.  14.  14.   5.    6.  15.  15.   0.  14.  14.   0.  29.  14.  14.  20. 
  6.   6.   8.   8.  12.   12.   0.   0.   2.   0.  23.   2.  14.   0.   0.   2. 
  0.   0.   3.   3.   0.    0.   3.   3.   0.  22.   5.   0.   0.   2.   2.   8. 
  0.   0.  13.  14.   1.    1.  13.  14.   0.   3.   3.   0.   0.  14.   3.   2. 
 10.  10.   6.   7.  13.   14.   0.   0.   0.   0.   0.   9.   0.   4.   0.   0. 
  0.   0.   1.   1.   1.    2.   0.   1.   0.   2.   2.   0.   0.   8.   2.   0. 
 12.  12.  10.  10.   0.    0.   8.   8.   1.   3.   0.   2.   1.   0.   0.   1. 
 18.  18.   0.   0.   3.    3.  15.  15.  16.  23.   0.  21.  16.   0.  24.  16. 
  2.   2.  11.  11.  11.   11.   0.   0.  14.   0.   0.  20.  18.   0.   0.  14. 
  2.   3.  11.  11.   4.    5.  18.  18.   0.  12.  12.   0.   0.  12.  16.   0. 
 14.  14.  10.  10.   0.    0.  10.  10.   0.  18.   2.   9.   0.   2.   2.   0. 
  0.   0.   0.   0.   0.    0.   0.   0.  26.   0.   4.   8.   8.   4.   0.  16. 
  0.   0.   0.   0.  12.   12.  12.  12.   2.   0.   0.   0.   0.  21.   0.   8. 
 33.  33.  16.  16.   2.    2.  15.  15.  14.   0.   0.   4.   3.   0.   0.   3. 
  0.   0.  12.  12.   0.    0.  12.  12.  14.   4.   0.  19.  23.   0.  20.  14. 
  3.   3.   4.   4.   9.   10.   2.   2.   4.   0.   0.   4.   4.  25.   0.  12. 
  0.   0.  11.  11.   0.    0.  11.  11.   4.  16.  16.  18.   0.  22.  18.   0. 
 10.  10.   0.   0.   6.    6.   4.   4.   2.   9.   0.   4.   2.   0.  14.   2. 
  2.   2.   2.   2.  11.   11.   7.   7.   3.   0.   0.   3.  11.   0.  18.   3. 
  1.   2.   1.   1.   1.    2.   0.   0.   0.   4.   4.   0.   0.   4.   4.   0. 
  6.   6.   3.   4.  11.   11.   1.   2.  13.   0.   0.  13.  18.   0.   0.  21. 
  0.   0.   3.   3.  16.   16.  13.  13.   0.   2.   2.   0.  14.   2.   2.  12. 
  4.   4.  10.  10.   0.    0.   6.   6.   1.   2.   2.   1.   5.   0.   0.   1. 
 12.  12.   0.   0.   0.    0.  12.  12.   4.   6.   0.   4.   4.   0.  32.   4. 
  0.   0.   6.   6.  15.   16.  14.  14.   1.   0.   0.   1.   1.  11.   0.   1. 
  7.   8.   3.   3.   4.    4.   0.   1.   6.   4.   4.   1.   0.   4.   4.   0. 
 20.  20.   1.   1.   0.    0.  21.  21.   0.   2.   2.  13.   0.   2.  12.   0. 
 12.  13.   0.   0.  12.   12.   0.   1.  19.   0.   0.  20.  19.   0.   1.  19. 
  0.   0.   6.   6.  11.   11.  17.  17.   0.  31.  15.   0.  14.  15.  17.   0. 
  8.   8.  11.  11.   0.    0.   3.   3.   9.  12.   0.  15.  14.   0.   0.   9. 
 20.  20.   0.   0.  16.   16.  31.  32.   3.   8.   0.   3.   3.   0.   0.   8. 
 17.  17.   4.   5.   0.    1.  12.  12.   0.  15.   3.  18.   0.   3.   3.   0. 
  2.   2.   0.   0.   2.    2.   0.   0.  25.   3.   3.  17.   0.   9.   6.   0. 
  0.   0.  10.  11.   1.    1.  11.  12.  18.  18.  18.   0.   0.  24.  18.  16. 
 25.  25.   5.   5.   0.    0.  24.  24.  14.   0.   0.  12.   2.   0.   0.   2. 
  7.   7.  19.  19.  26.   26.   0.   0.  12.   0.  16.  12.  13.   0.   0.  31. 
 13.  14.  10.  10.   0.    0.  19.  19.   0.   2.   2.  12.   0.   2.   2.   0. 
 11.  11.   0.   0.   7.    7.   4.   4.  10.  11.  22.  10.  10.   0.   0.  27. 
  5.   5.   1.   2.   6.    7.   0.   0.   0.  12.  12.   6.   0.  20.  25.   0. 
 23.  23.  22.  22.   3.    3.   0.   0.   1.   0.   0.   2.   1.  20.   0.   1. 
 12.  13.   1.   1.  12.   13.   0.   0.   4.   0.   0.   4.   4.   0.   0.   4. 
 16.  16.  14.  14.   1.    1.   1.   1.   8.   4.   0.  10.   8.   0.   0.   8. 
  7.   8.   8.   8.   0.    0.   9.   9.   0.  26.   2.  13.   0.   2.   2.   0. 
 13.  14.   0.   0.   8.    9.   6.   6.   0.   8.   8.   0.   0.   8.  14.   0. 
 23.  23.  30.  30.  19.   19.   0.   0.   0.   2.   2.  13.   0.  26.   2.   0. 
 12.  13.   5.   5.  14.   15.   0.   0.  14.   0.   8.  14.  14.   1.   0.  14. 
  1.   2.   4.   4.   0.    0.   5.   6.  13.   2.   0.  23.  13.   0.   7.  13. 
  8.   8.   0.   0.  14.   14.   8.   8.  20.  35.   0.  20.  20.   0.  24.  20. 
  0.   0.  13.  13.  12.   12.  13.  13.   0.   8.   8.   0.   0.  24.  10.   0. 
  7.   7.   0.   0.   7.    7.   0.   0.   0.  16.  12.   0.  18.  10.  10.  14. 
 16.  17.  22.  23.   0.    0.  19.  19.   0.   9.   0.  14.   0.   0.   0.   0. 
  1.   2.   0.   1.   1.    1.   0.   0.   1.   2.   2.   0.   0.   2.   2.   0. 
  9.   9.   7.   7.   2.    2.   0.   0.  10.  19.  19.  22.   0.  34.  19.   0. 
  2.   2.  13.  13.   0.    0.  11.  11.  12.   4.   6.   0.   0.  14.   4.   0. 
  5.   6.   3.   4.   5.    5.  14.  14.  23.   0.   0.   3.   3.   0.   0.  11. 
  5.   5.   6.   6.   1.    1.   0.   0.   0.   0.  16.   0.   0.   8.   0.   0. 
  0.   0.   1.   1.   0.    0.   1.   1.  11.   8.  32.   0.   0.  10.   8.   1. 
  9.   9.  16.  16.   4.    4.  28.  29.  17.   0.   0.   3.   3.   0.   0.  13. 
  0.   0.   3.   3.   2.    2.   1.   1.   2.   0.   0.  11.   9.   0.   8.   2. 
 18.  18.   0.   0.   4.    4.  18.  18.  11.  16.  16.   0.   0.  16.  16.  20. 
  0.   0.  14.  14.   9.    9.  23.  23.   8.   0.   0.   0.   0.  29.   0.   7. 
  2.   2.   4.   4.   6.    6.   0.   0.   9.   0.   0.  17.   9.   1.   0.   9. 
  2.   2.   0.   0.   5.    5.   3.   3.  18.   8.   8.   0.   0.  30.  10.   0. 
  1.   1.   2.   3.   0.    1.   4.   4.   3.  12.  12.   0.   0.  12.  12.   9. 
  2.   2.   4.   4.   0.    1.   6.   7.  20.   5.   0.  20.  20.   0.  11.  20. 
  0.   0.   2.   2.   0.    0.   2.   2.  15.   0.   0.   9.   2.   8.   8.   2. 
  3.   4.   0.   0.   3.    4.   0.   0.   0.  20.   0.  28.  38.   0.   2.   0. 
  0.   1.   0.   0.  14.   14.  13.  13.   0.   9.   0.   0.   6.   0.   0.   7. 
 18.  18.   0.   0.  13.   13.   8.   9.  16.   8.   8.   0.   0.   8.  16.   0. 
 29.  29.   9.   9.   2.    2.  18.  18.  10.   7.  15.   0.   0.   7.   7.   0. 
  6.   6.   0.   0.   9.    9.   3.   3.  18.   5.   5.   0.   0.  31.   5.  21. 
  6.   6.   6.   7.   0.    0.   0.   1.   0.  11.  15.   0.  14.   4.   4.   0. 
 10.  10.   0.   1.  11.   11.   0.   1.   6.   0.   0.   6.   6.   0.   0.   6. 
  0.   0.  14.  14.   6.    7.  16.  17.   1.   0.   0.   1.   1.   0.  14.   1. 
  3.   3.   0.   0.   6.    6.   3.   3.   0.  12.   7.   0.  36.   7.   7.  31. 
  0.   1.   8.   8.  18.   18.   9.   9.   2.   0.   0.   2.   2.   5.   0.  11. 
  9.   9.   0.   0.   9.    9.   0.   0.   2.   6.  17.   2.  32.   0.   0.   4. 
 15.  15.  30.  30.   4.    4.  11.  11.   0.   2.   2.   4.   9.   2.   2.   0. 
  0.   1.   2.   3.   0.    0.   3.   3.   0.  17.   0.  26.   0.   0.  22.   0. 
  2.   3.   0.   0.   5.    6.   4.   4.   8.   0.   0.   1.   1.   0.   0.   6. 
  0.   0.   2.   3.   2.    3.   0.   0.   1.   0.   0.   3.  19.   0.   6.   1. 
 16.  16.   0.   0.  16.   16.   0.   0.  22.  13.  22.   0.   0.  25.  13.  10. 
  8.   9.   0.   1.   8.    8.   0.   0.  18.   1.   3.  18.  23.   0.   0.  18. 
  2.   2.   1.   1.   0.    0.   3.   3.  19.   1.   1.   6.   0.   1.  10.   0. 
  3.   4.   0.   1.   1.    1.   2.   2.   4.   0.  13.   2.   2.   0.   0.   2. 
  0.   0.   0.   1.  12.   12.  12.  12.   5.   0.   0.   2.   2.  20.  16.   2. 
  0.   0.   7.   7.   0.    0.   7.   7.  10.   0.  14.   6.   6.  26.   0.  20. 
 11.  12.   4.   4.   0.    0.  10.  11.   7.  11.   0.  11.   7.   0.   0.   7. 
  0.   1.   1.   1.   1.    2.   0.   0.   8.   0.  13.   8.   8.   8.   0.  17. 
  0.   1.   4.   4.   0.    0.   4.   5.   8.   8.   8.   6.   0.   8.  17.   0. 
  1.   1.   0.   0.   1.    1.   0.   0.  10.   3.   3.  39.   0.  23.  15.   0. 
  2.   2.   4.   5.   0.    0.   2.   3.   4.   2.  10.   0.   0.   4.   2.   0. 
 12.  12.   0.   0.   6.    6.   6.   6.   0.   3.   1.  28.   0.   1.   7.   0. 
  0.   1.  12.  12.   0.    0.  12.  13.   6.   0.   0.  16.   5.   0.   5.   5. 
  0.   1.   2.   2.   4.    4.   6.   7.   0.   4.   3.   0.   0.   3.   3.   3. 
  0.   0.   6.   6.   3.    3.   3.   3.   0.   0.   0.   2.   0.   9.   5.   0. 
  4.   4.   0.   0.   7.    7.   3.   3.  14.   0.   0.   6.   6.   5.  23.   6. 
  3.   3.   3.   3.   0.    0.   0.   0.   7.  18.  18.   2.   0.  30.  18.   0. 
  6.   7.   0.   0.   4.    5.   2.   2.  16.   4.   0.  16.  16.   0.  32.  16. 
  0.   0.  13.  13.  22.   23.  13.  14.   1.   0.   0.   1.   8.   0.   0.  12. 
  4.   4.   0.   0.   3.    4.   0.   1.  11.  12.  12.  26.   0.  12.  18.   0. 
  8.   8.   0.   0.  16.   16.   8.   8.  18.  19.  19.   0.   0.  33.  19.  16. 
 18.  18.   0.   0.  11.   11.  13.  13.   8.   7.   0.   8.   8.   0.  13.   8. 
  8.   8.   4.   4.   0.    0.  12.  12.   9.   0.   0.   7.   7.   0.  24.   7. 
  2.   2.   6.   7.   0.    0.   8.   9.   8.  11.  17.   8.   8.   0.   0.  12. 
  5.   6.   4.   4.   1.    2.   0.   0.  21.  38.  10.  21.  25.   0.   0.  21. 
  0.   0.  11.  11.  11.   12.   1.   1.   0.   0.   0.   0.   6.   0.   0.   2. 
  0.   0.  26.  26.  11.   12.  14.  15.  18.   0.   5.  18.  18.  12.   0.  26. 
  3.   3.  11.  12.  31.   32.  17.  17.   0.  10.  10.   0.  13.  10.  10.  12. 
  1.   2.   0.   0.   7.    7.   8.   9.  12.   0.   0.   0.   0.   0.   0.  20. 
  4.   4.   0.   0.   4.    4.   0.   0.   8.   0.   0.  20.   8.  15.  15.   8. 
  4.   5.   0.   0.   4.    5.   0.   0.   6.   7.  27.   6.  16.   0.   0.  12. 
  9.  10.   3.   4.   6.    6.   0.   0.  11.   9.   9.   6.   0.  13.   9.   0. 
  0.   0.   2.   3.   0.    0.   2.   3.   6.   0.   1.   6.   6.   7.   0.   8. 
  9.  10.  11.  12.   0.    0.   9.   9.   5.  20.   0.  13.   5.   0.   0.   5. 
  1.   1.   0.   0.   1.    1.   0.   0.   3.   4.  30.   3.  12.   0.   0.  28. 
  7.   7.   0.   0.   2.    2.   9.  10.   2.  33.   0.   2.   2.   0.   0.  24. 
 15.  15.   4.   4.  19.   19.   0.   0.   0.   3.  12.   0.   9.   3.   3.   8. 
  0.   0.  21.  21.   6.    6.  15.  15.   7.   0.   1.   7.   8.   0.   0.  15. 
  0.   0.   5.   5.   0.    0.   5.   5.   4.   1.   1.   2.   0.  16.  23.   0. 
  0.   0.   5.   5.  11.   12.  11.  11.   0.  10.  10.   0.  14.  10.  20.   0. 
  0.   0.   2.   2.   0.    0.   2.   2.   0.  16.  26.   0.  18.   9.   9.  32. 
  0.   0.  12.  12.  10.   10.   2.   2.   1.   0.  38.   1.   1.   0.   0.   4. 
  5.   6.   4.   4.   0.    0.   5.   6.   3.  25.  11.   3.   3.   0.   0.   3. 
  0.   0.   9.   9.   0.    0.   9.   9.   0.  14.  30.   0.  15.   8.   8.   9. 
  0.   0.   9.   9.   0.    0.   9.   9.  12.  10.   2.  12.  20.   0.   0.  21. 
  3.   4.   0.   0.   2.    2.   1.   2.   3.   1.   1.  13.   0.   1.  13.   0. 
  7.   7.  12.  13.   4.    4.   1.   2.   9.   0.   0.  13.   9.  12.   0.   9. 
  2.   2.  10.  10.  12.   12.   0.   0.   0.   1.  36.   0.   6.   1.   1.   2. 
  0.   0.   3.   3.   0.    0.   3.   3.  19.  24.  32.  19.  24.   0.   0.  32. 
  7.   7.   0.   0.  20.   20.  13.  13.   0.  26.  19.   0.   0.  19.  19.  15. 
  0.   0.   5.   5.   0.    0.   5.   5.  12.   0.   0.  34.   0.  11.   2.   0. 
 11.  11.   0.   0.   2.    3.   8.   9.  22.   4.   4.   6.   0.   4.  26.   0. 
  4.   4.   2.   2.   0.    0.   6.   6.  39.   0.  33.   8.   8.   0.   0.  14. 
  8.   8.   4.   5.   3.    4.   0.   0.   0.   8.   0.   1.   6.   0.   0.   0. 
  0.   1.   4.   4.   5.    6.   1.   1.   2.   0.   0.   2.   2.   0.   0.   8. 
  8.   8.  12.  12.   0.    0.  20.  20.   0.  24.  14.   0.   0.   7.   7.  38. 
  7.   7.   7.   7.  14.   14.   0.   0.   5.   0.   4.   5.   5.  18.   0.  18. 
 24.  24.   4.   4.  20.   20.   0.   0.   2.   4.   4.   0.   0.  37.   4.   0. 
  2.   3.   0.   0.   3.    4.   4.   4.   0.  17.   0.   0.   0.   0.   1.   0. 
 10.  11.   0.   1.  10.   10.   0.   0.   0.  10.   9.   0.   1.   9.   9.   0. 
  2.   3.   0.   0.   2.    2.   0.   1.   0.   0.   0.   1.   0.   0.   2.   0. 
  3.   3.   8.   9.  11.   12.   0.   0.   0.   6.  20.   0.   0.  10.   6.  40. 
  5.   6.   0.   0.  13.   14.  19.  19.   0.  11.   0.   0.   0.   0.   0.  20. 
  1.   1.   2.   2.   3.    3.   0.   0.   0.   3.   3.  12.  30.   3.   3.   0. 
 10.  10.  20.  20.  30.   30.   0.   0.   0.  15.  22.   0.   1.  15.  15.   4. 
 13.  14.   0.   0.   9.   10.   4.   4.   0.  34.   8.  10.   0.   8.   8.   0. 
  6.   7.   4.   5.   0.    0.   2.   2.  22.   0.  11.   0.   0.   0.   0.   0. 
  8.   8.   4.   5.  13.   14.  26.  26.   1.  16.  16.   0.   0.  16.  16.  22. 
  8.   9.   5.   6.  14.   14.   0.   0.   9.   0.   0.  12.   9.   9.  31.   9. 
 19.  19.  12.  12.  17.   17.   0.   0.  17.   0.  18.  17.  19.   0.   0.  17. 
  1.   1.  35.  36.  32.   33.   2.   2.   0.  11.  14.   0.   0.  17.  11.   0. 
  3.   3.   1.   1.   3.    3.   0.   0.   0.   1.   1.   0.   0.   1.   1.   0. 
 12.  12.   4.   4.  10.   10.   0.   0.   7.   0.   0.   7.  17.   0.   0.   7. 
  4.   4.   1.   1.   2.    2.   7.   7.  27.   2.   2.   0.   0.   2.   2.  21. 
  4.   4.   0.   0.   1.    1.   3.   3.   5.   2.   2.  12.   0.   2.   8.   0. 
  0.   0.   6.   6.   0.    0.   6.   6.  30.   8.   8.  26.   0.   9.  18.   0. 
  8.   9.   0.   0.  16.   17.  21.  21.   3.   9.   0.   3.   3.   0.   3.   3. 
  1.   2.   9.   9.  10.   11.  21.  21.  28.   0.   0.   4.   4.   0.  10.   4. 
  6.   6.   1.   1.   5.    5.   0.   0.   0.  14.  10.  10.  13.  10.  10.   0. 
  1.   2.   4.   5.   6.    6.   0.   0.  14.   0.   0.  24.  18.   0.  10.  14. 
 26.  27.  30.  30.   0.    0.   3.   4.  10.   3.   0.  18.  18.   0.   0.  10. 
  0.   0.   3.   3.   0.    1.   3.   4.   1.   3.   3.   0.   0.   4.   3.   0. 
 21.  22.  20.  20.   0.    0.  12.  13.  12.  15.  15.  15.   0.  15.  15.   0. 
 15.  16.   0.   1.   0.    1.  16.  17.   0.   6.   0.   0.   0.   0.   2.   0. 
  2.   3.   0.   0.   5.    6.   8.   8.  14.   0.   0.   0.   0.   0.   0.   1. 
  0.   0.   1.   1.   0.    0.   1.   1.   0.   5.   4.   0.   6.   2.   2.  22. 
  0.   0.   0.   0.   0.    1.   0.   1.   0.  13.   2.   0.  20.   2.   2.  14. 
  0.   0.  32.  32.  34.   34.   3.   3.   4.   0.   0.   4.  20.   0.  20.   4. 
  0.   0.  20.  21.   0.    0.  20.  21.   0.   0.   0.  30.  11.   0.  24.   0. 
  0.   0.   1.   1.   0.    1.   1.   2.  16.   1.   0.  16.  16.   0.   0.  16. 
  0.   0.   7.   8.  12.   13.  20.  20.  35.   0.   0.  20.  20.  18.  17.  20. 
 13.  13.   0.   0.   8.    9.  14.  15.  33.  15.  15.   0.   0.  15.  15.  18. 
  9.  10.   0.   0.   6.    6.   3.   4.   0.  30.  25.   0.   0.   6.   6.  14. 
  4.   5.   4.   5.   0.    0.   0.   0.  10.   9.   0.  15.  16.   0.   0.  10. 
  4.   5.   2.   2.   2.    3.   0.   0.   7.  23.  28.   7.  13.   0.   0.   7. 
  0.   0.   1.   1.   0.    0.   1.   1.   8.   2.   2.  12.   0.  15.  18.   0. 
  0.   0.  13.  13.  10.   11.  12.  12.   6.   0.   0.   6.   6.   2.  39.   6. 
  5.   5.   0.   0.   7.    8.   2.   3.   0.  28.  14.   0.  13.  14.  14.   2. 
 23.  23.   0.   0.   2.    3.  20.  20.   1.   9.   0.   4.   1.   0.  10.   1. 
  3.   3.   0.   0.  12.   12.  14.  15.  23.   0.   0.   0.   0.   0.  13.   0. 
  6.   7.   0.   0.   6.    7.   0.   0.  27.   8.   8.  14.   0.  21.  16.   0. 
  0.   1.   4.   4.   5.    5.   0.   0.   0.   4.   8.   0.   7.   4.   4.  12. 
  3.   3.   8.   8.   9.    9.   0.   0.   0.  28.  28.   1.  25.  28.  28.   0. 
  0.   0.   4.   4.   0.    0.   4.   4.  12.  10.  35.   0.   0.  11.  10.  12. 
 30.  31.   2.   3.   1.    2.  34.  35.   0.   6.   0.   0.   0.   0.  30.   0. 
  9.  10.   5.   5.   4.    4.   0.   1.   8.   0.   0.  10.   6.   0.   0.   6. 
  0.   0.   1.   1.   1.    1.   1.   1.   0.   3.   3.   0.   0.   3.   3.   0. 
  0.   0.  13.  13.  11.   11.   2.   2.   0.   0.   6.   0.   0.  17.   0.  26. 
  0.   0.  22.  22.  13.   14.   8.   9.   4.   0.   8.   4.   4.   2.   0.   8. 
  0.   0.   9.   9.   0.    1.   8.   9.   0.   4.   8.   0.   0.   8.   4.  25. 
 17.  17.   0.   1.  18.   18.   0.   1.   0.  16.  16.   0.   0.  16.  16.   0. 
  6.   7.  17.  17.   0.    0.  10.  11.   0.  17.  13.   4.  31.  13.  13.   0. 
  1.   2.   9.   9.  10.   11.   0.   0.  10.   0.   7.  10.  12.   0.   0.  16. 
 29.  30.   8.   8.   2.    2.  19.  20.   0.   6.   5.  10.   0.   5.   5.   0. 
  0.   0.   7.   8.   0.    0.   7.   8.  18.   8.   8.  17.   0.  10.  18.   0. 
  5.   5.   2.   3.  13.   14.   6.   6.  26.   0.   0.  26.  26.   6.   9.  26. 
  5.   5.   9.   9.  19.   19.   5.   5.   8.   0.   0.   8.   8.  32.  15.   8. 
  3.   3.  11.  11.   5.    5.  19.  19.  29.   4.   4.   0.   0.   4.   4.  18. 
  6.   6.   1.   1.   0.    0.   7.   7.   0.  12.   5.   0.   0.   1.   1.  28. 
 10.  11.   0.   0.   2.    2.   8.   9.  16.  10.  11.   0.   0.  10.  10.  20. 
  0.   0.  24.  24.  19.   19.   5.   5.  10.   0.  10.  10.  10.   8.   0.  20. 
 18.  18.   1.   2.   9.    9.   7.   8.  15.   5.  15.   0.   0.   5.   5.   0. 
  0.   0.  15.  16.  15.   16.   0.   0.   0.   0.   0.  26.  10.   0.  12.   0. 
 14.  15.   8.   8.   2.    3.   4.   4.   2.  10.   0.   4.   2.   0.   0.   2. 
  7.   8.   9.   9.   0.    0.   6.   6.  20.   2.   0.  37.  20.   0.   0.  20. 
  3.   3.  15.  16.   0.    0.  18.  19.   4.   7.  10.   4.   4.   0.   0.   4. 
  8.   8.  19.  19.  10.   10.   1.   1.   4.   0.  19.   4.  23.   0.   0.   4. 
  5.   6.   5.   5.  13.   14.   3.   3.   6.   0.   0.   6.   6.   2.   0.  10. 
  0.   0.  13.  13.   9.    9.   4.   4.   0.  10.  20.   0.   0.  22.  10.  27. 
  8.   9.   3.   3.   0.    0.   9.   9.   2.  22.   0.   4.   2.   0.   0.   2. 
  0.   0.  10.  10.   7.    7.   3.   3.   0.   2.  24.   0.   5.   2.   2.  16. 
  0.   0.   1.   1.  19.   19.  20.  20.   0.  14.   7.   0.  12.   7.   7.   6. 
  0.   0.   7.   7.   5.    5.   2.   2.   8.   0.   0.  18.   8.   9.   0.   8. 
 10.  10.   0.   0.   4.    5.   5.   6.   7.   0.   0.   5.   1.   0.   7.   1. 
 19.  19.   0.   0.   7.    7.  12.  12.   8.  14.   0.  27.   8.   0.  12.   8. 
 11.  12.  10.  11.   1.    1.   0.   0.   0.  20.   1.  35.  12.   1.   1.   0. 
 12.  13.   0.   0.  12.   13.   1.   1.   0.   3.   3.   0.   0.   3.   3.   0. 
  1.   1.   0.   0.   1.    1.   0.   0.   0.  10.   3.   0.   1.   1.   1.   2. 
 11.  11.  24.  24.  20.   20.   0.   0.   9.   0.  23.   9.   9.  28.   0.   9. 
  7.   7.   0.   0.   7.    7.   0.   0.   0.  12.  24.   0.   8.   2.   2.   8. 
  0.   0.   0.   0.   0.    0.   0.   0.   0.  12.  16.   0.  28.   0.   0.  12. 
 23.  23.  21.  21.   2.    2.   0.   0.   2.   0.   0.   1.   1.   7.   0.   1. 
 12.  12.   4.   5.   0.    0.  16.  17.  27.   0.   0.  17.   6.   0.   7.   6. 
  0.   0.  16.  16.   4.    4.  12.  12.   0.   6.   6.   2.   9.   6.   7.   0. 
 10.  11.   8.   9.  19.   20.   0.   1.   0.   4.   4.   0.   0.   6.   4.   4. 
  2.   3.   1.   1.   3.    4.   7.   7.   7.   4.   4.   0.   0.   4.   4.   4. 
  7.   8.   0.   0.  18.   18.  10.  11.  18.   0.   0.   2.   2.   1.   7.   2. 
 11.  12.   0.   0.  14.   15.   3.   3.  13.   2.   2.   0.   0.   7.   2.   0. 
  3.   3.   3.   4.   0.    0.   6.   7.   6.   3.   0.  15.   6.   0.  26.   6. 
 10.  10.   0.   0.   0.    0.  10.  10.  11.   6.  11.   0.   0.   6.   6.   4. 
 14.  15.  10.  10.  24.   25.   0.   0.  10.   0.   0.  16.  10.   0.  31.  10. 
 14.  14.   0.   1.  13.   13.   0.   1.   0.   3.   3.   0.   0.   3.   3.   0. 
  8.   8.   9.   9.   0.    0.   1.   1.   0.   4.  26.   0.  14.   2.   2.   0. 
  2.   2.   1.   1.   3.    3.   0.   0.   0.   3.   3.   1.   0.   5.  15.   0. 
 28.  28.   0.   0.  10.   10.  18.  18.  14.  12.   0.  26.  14.   0.  20.  14. 
 11.  11.   7.   7.   4.    4.   0.   0.   0.  15.  18.   0.   2.   6.   6.   0. 
  3.   3.  12.  12.  29.   30.  14.  14.   0.   7.   7.   0.  23.   7.   7.  21. 
 12.  12.   0.   1.  13.   13.   0.   1.   0.   7.   7.   0.   0.   7.   7.   0. 
  0.   0.  19.  19.  19.   19.  10.  10.   0.  15.  15.   0.   0.  18.  15.  23. 
  7.   8.   2.   3.  10.   10.   0.   0.   0.  13.  25.   0.   0.  22.  13.   6. 
 27.  28.   4.   4.  13.   13.  10.  11.  14.  15.   0.  32.  14.   0.   0.  14. 
  7.   8.   0.   0.   6.    6.   1.   2.   0.   6.   6.   2.   0.   6.  24.   0. 
  3.   3.   0.   0.   4.    4.   1.   1.   0.  11.   7.   0.  16.   7.  20.   0. 
  0.   0.   0.   1.   2.    2.   2.   2.   4.   0.   0.   1.   1.  40.  35.   1. 
  9.   9.  19.  19.  21.   21.   0.   0.   0.   0.   0.   0.  10.   0.   0.   0. 
  0.   0.   3.   4.   6.    6.  10.  10.  38.   0.   0.   0.   0.   5.  10.   0. 
  0.   0.  21.  21.  14.   14.  10.  10.   0.  18.  18.   0.  27.  18.  18.  16. 
  1.   1.   6.   6.  11.   11.  18.  18.  12.   0.   0.   2.   2.   0.  29.   2. 
  3.   3.   0.   0.   3.    3.   0.   0.   2.   0.   1.   0.   0.   0.   0.  28. 
 17.  17.  24.  25.  12.   12.   0.   0.   0.   2.   4.   0.   0.   2.   2.   0. 
 29.  30.   5.   5.   8.    8.  16.  16.   0.  10.   6.  14.   0.   6.   6.   0. 
 23.  23.  17.  18.  11.   11.   0.   0.   0.   0.   0.   3.   0.  12.   0.   0. 
  6.   6.   6.   6.   2.    2.   0.   0.   0.   4.   4.   2.   0.  14.   4.   0. 
  8.   9.  17.  17.   8.    9.   0.   0.   0.   0.   0.   0.   0.  10.   0.   0. 
  0.   0.   7.   8.   0.    0.   7.   8.   6.   3.   0.  12.  38.   0.  25.   6. 
  1.   1.   1.   1.   4.    5.   2.   3.  15.   0.   0.  15.  15.   6.   7.  15. 
  3.   3.   4.   4.  13.   13.   6.   6.   1.   0.   0.   1.  13.   0.   0.   2. 
  3.   4.   6.   7.  13.   14.   3.   4.   0.   3.   3.   0.  39.   3.  20.   0. 
 23.  24.   0.   0.   0.    0.  23.  24.  10.   0.   0.   8.   4.   0.   2.   4. 
  2.   2.   5.   5.   4.    5.  11.  12.  20.   0.   0.   0.   0.   0.   0.   0. 
  3.   4.   2.   2.   1.    1.   0.   1.   0.  10.   3.   0.   0.   2.   2.   0. 
 10.  11.   0.   0.  14.   15.   4.   4.   4.  14.  14.   0.   0.  24.  18.   0. 
  4.   4.  12.  12.  19.   19.   3.   3.   0.   6.   6.   0.  34.   6.   6.   6. 
  0.   0.   0.   0.   0.    0.   0.   0.   0.   1.   1.  25.   0.   3.   3.   0. 
  6.   7.   5.   6.  15.   16.   3.   4.   0.   9.   9.   0.  13.   9.   9.   2. 
  8.   8.   1.   1.  28.   28.  37.  37.  28.   4.   4.   0.   0.   4.  12.   0. 
  3.   3.   1.   1.   3.    3.   0.   0.   1.   0.   0.   1.   1.   0.   0.   1. 
  7.   8.   9.  10.   0.    0.  11.  11.  22.   0.   0.  30.  22.   0.   0.  22. 
 12.  13.   0.   0.  21.   21.  17.  18.   2.   5.   0.   2.   2.   0.  11.   2. 
  6.   7.  20.  20.   0.    0.  19.  20.  31.   0.  32.   3.   3.   0.   0.   3. 
  0.   0.   1.   2.   8.    9.  10.  10.   0.   4.   4.   0.   2.   4.  18.   0. 
  0.   0.  18.  18.  15.   15.   3.   3.   1.   0.   0.  27.  21.   0.   5.   1. 
  0.   1.   0.   0.   3.    3.   2.   3.  15.   0.   0.   2.   2.   9.   0.   8. 
 14.  15.   0.   0.   6.    6.  14.  15.   0.  29.   2.   0.   0.   2.   2.  13. 
 18.  18.  13.  13.   5.    5.   0.   0.  14.   0.  17.   0.   0.   8.   0.   0. 
  0.   0.  24.  24.  11.   11.  13.  13.   0.   7.  14.   0.   0.  28.   7.   4. 
  0.   0.   1.   1.   0.    0.   1.   1.   0.  12.   1.   0.   4.   1.   1.  11. 
 11.  11.   0.   0.  16.   16.   7.   7.   5.   5.   5.   0.   0.   5.   6.   0. 
  0.   0.   0.   0.   0.    0.   0.   0.   0.   9.   0.  21.  25.   0.  11.   0. 
 30.  31.  17.  17.   9.    9.   5.   5.  30.   4.   4.   2.   0.   4.   4.   0. 
  8.   9.   4.   4.   0.    0.  12.  13.  16.   0.   6.  11.  11.   0.   0.  18. 
 14.  15.   6.   6.   0.    0.   8.   9.  26.   0.  11.   0.   0.   0.   0.   0. 
  5.   6.   0.   0.   3.    4.   2.   2.  11.   0.   0.  15.   1.   0.   0.   1. 
 11.  12.   0.   0.   9.   10.  21.  21.   2.   0.   0.   0.   0.   0.   0.   9. 
  0.   0.   3.   4.   0.    1.   3.   3.   0.   7.   7.   2.   1.   7.  12.   0. 
  1.   1.   1.   2.   0.    0.   1.   2.   0.   3.   3.   0.   0.   3.   3.   0. 
 12.  12.  34.  34.  11.   11.  11.  11.   2.   0.   0.   4.   4.   0.   0.   2. 
  3.   4.   6.   7.   0.    0.   3.   3.   0.  11.   0.   3.  13.   0.   0.   0. 
  0.   0.  35.  35.  24.   25.  16.  16.   0.   6.   6.   0.   0.  30.   6.  13. 
 11.  11.   0.   0.  11.   11.   0.   0.  14.  22.   0.  14.  18.   0.  40.  14. 
  0.   0.  12.  13.   8.    8.  11.  12.   7.   0.   0.   7.   7.   3.   0.   8. 
 12.  13.   1.   1.   3.    3.   8.   9.   0.  28.   4.   0.   0.   2.   2.   0. 
  0.   0.   5.   5.   3.    3.   8.   8.   4.   8.   0.   4.  14.   0.   3.   4. 
  5.   5.   0.   0.   5.    5.   0.   0.  16.   0.   0.  26.  24.   0.  28.  16. 
  6.   7.  10.  10.   4.    5.   0.   0.  12.   0.   0.  22.  18.   0.   0.  12. 
 12.  12.  31.  31.  12.   12.   7.   7.   6.   0.   7.   6.   6.  14.   0.   6. 
  1.   2.   0.   1.   0.    1.   0.   1.   0.   1.   1.   0.   0.   1.   1.   0. 
  4.   4.   8.   8.   0.    0.   4.   4.   0.  31.  14.  38.   2.  14.  14.   0. 
 11.  12.  28.  28.  20.   21.   0.   0.  14.   0.   6.  14.  22.   0.   0.  14. 
  8.   9.   0.   0.  12.   13.   5.   5.  11.   6.   6.   0.   0.   6.   6.   1. 
 11.  11.  13.  13.   0.    0.   4.   4.  28.   0.  30.   6.   6.   0.   0.   6. 
  0.   0.   7.   7.  11.   12.   7.   8.  16.   0.   0.  16.  16.   3.   1.  16. 
  0.   0.  13.  14.   2.    3.  11.  11.   0.  13.  26.   0.  17.  13.  13.   2. 
  0.   0.  11.  11.   2.    2.   9.   9.  10.   0.  38.  10.  10.   7.   0.  10. 
  7.   7.   0.   0.   7.    7.   0.   0.  12.   0.   9.   0.   0.   9.   0.   6. 
  4.   4.   0.   0.   2.    2.   2.   2.  11.  23.   2.  11.  11.   0.   0.  19. 
  5.   6.  24.  24.  18.   19.   0.   0.   0.   0.   0.   9.   2.   0.   0.   0. 
  5.   6.   8.   9.   0.    0.   7.   7.   7.   5.   5.   4.   0.   5.   5.   0. 
  9.  10.   1.   2.   8.    8.   0.   0.   1.   8.   0.  10.   6.   0.   0.   1. 
  8.   8.   2.   3.   1.    2.  12.  12.   0.   9.   5.   0.   0.   5.   5.   2. 
 13.  14.   7.   8.  19.   19.   0.   0.   0.  23.  23.  20.  24.  23.  23.   0. 
  0.   0.  23.  23.  14.   14.  19.  19.   0.   6.   6.   0.   2.   6.   6.  16. 
  1.   1.  10.  11.  11.   12.   0.   0.   4.   0.  19.   4.   4.  29.   0.   8. 
  3.   3.   9.   9.   0.    0.   6.   6.   4.   2.   2.  12.   0.  36.   2.   0. 
  3.   3.   1.   1.   4.    4.   0.   0.   9.   0.  18.   9.   9.  14.   0.  13. 
  0.   0.  20.  21.  15.   15.  14.  15.   0.   3.   3.   0.  21.   3.  16.   0. 
 16.  16.  15.  15.   0.    0.  10.  10.   8.  16.  16.  25.   0.  16.  16.   0. 
  0.   0.   5.   5.   1.    1.   6.   6.  14.   8.   0.  14.  18.   0.  18.  14. 
 14.  14.   0.   0.  11.   11.  16.  17.  26.   4.   4.   0.   0.   4.   4.   3. 
  0.   0.   2.   2.   0.    0.   2.   2.   3.   2.  11.   0.   0.   2.   2.  22. 
 18.  18.   4.   5.   0.    0.  22.  23.   0.  12.  10.   0.   0.   6.   6.  21. 
  5.   6.   0.   0.   3.    3.   2.   3.  17.   0.   0.  22.  11.   0.   6.  11. 
  1.   1.   0.   0.   1.    1.   0.   0.   3.   7.   7.   4.   0.  37.  24.   0. 
  2.   2.  14.  14.   3.    3.  19.  19.   4.  10.   0.   4.   4.   0.   5.   4. 
  6.   6.   1.   1.   0.    0.   5.   5.   0.   0.   0.  12.   0.   0.   0.   0. 
 24.  24.   9.   9.   3.    4.  11.  12.  13.   0.   1.   1.   1.   0.   0.   1. 
  9.   9.  32.  32.   6.    7.  16.  17.   6.   0.   0.  40.   6.  13.   0.   6. 
 21.  22.   8.   8.   0.    0.  20.  20.   0.   7.  16.   0.   0.   3.   3.   0. 
  0.   0.  10.  10.   6.    6.   4.   4.   1.   0.   0.  10.   1.   5.  14.   1. 
  0.   0.  21.  21.  12.   12.   9.   9.   0.  18.  24.   0.   3.  18.  18.  24. 
  0.   0.   5.   6.  15.   15.   9.  10.   0.   0.   0.   0.  10.   0.   3.   0. 
 10.  10.  12.  12.   0.    0.   6.   6.   0.  24.   0.  22.   0.   0.   0.   0. 
  0.   0.  16.  17.  28.   28.  18.  19.   2.   0.   0.   2.   2.   0.   0.  16. 
  1.   2.   6.   6.   2.    2.   2.   3.   6.   0.  17.   6.   6.   2.   0.   6. 
  4.   5.  15.  16.  13.   13.  33.  33.  18.   5.   0.  18.  18.   0.   1.  18. 
  4.   5.   3.   3.   1.    2.   0.   0.   7.  26.   0.  25.  10.   0.   0.   7. 
  3.   3.  17.  17.  20.   20.   0.   0.   0.   0.   0.   6.   0.  15.   2.   0. 
  0.   0.   2.   2.   0.    0.   2.   2.   2.   0.   3.   0.   0.  11.   0.   8. 
  1.   2.   3.   4.   5.    6.   0.   1.   0.  14.  14.   0.   0.  20.  22.   0. 
  0.   0.  10.  10.   0.    0.  10.  10.   0.  12.  16.   0.  12.   8.   8.   3. 
  0.   0.  12.  12.  14.   15.  17.  17.   0.   4.   4.   0.   7.   4.  30.   0. 
  0.   0.  21.  21.  17.   17.  12.  12.   3.   0.   0.   3.   3.  11.   0.  13. 
 11.  11.  23.  24.   1.    1.  12.  12.  15.   0.  15.  15.  15.  31.   0.  15. 
  1.   2.   5.   6.   0.    0.   4.   4.   0.  15.   6.  23.   2.   6.   6.   0. 
 14.  14.   0.   0.  11.   11.   3.   3.   6.   1.   1.  12.   0.   1.   4.   0. 
  0.   0.   5.   6.   5.    5.   3.   4.  27.   0.   0.  27.  34.   0.   4.  27. 
  3.   3.  29.  30.  17.   17.  10.  10.   0.  10.  10.  14.   0.  24.  10.   0. 
 18.  18.  16.  16.   2.    2.   0.   0.   0.  14.   0.  26.  37.   0.   0.   0. 
  0.   0.  10.  10.  10.   10.   0.   0.   0.   0.   0.   2.  24.   0.   9.   0. 
 18.  18.  11.  11.   7.    7.   0.   0.  19.   0.   0.  11.   4.  14.   0.   4. 
  0.   0.  11.  11.   0.    0.  11.  11.  20.  14.  12.  20.  31.   0.   0.  32. 
  4.   4.   0.   0.  13.   13.   9.   9.  28.   0.   0.   1.   1.   2.   0.  10. 
  0.   0.  14.  14.   9.    9.  23.  23.   7.   0.   0.   0.   0.  20.   2.   0. 
 17.  17.  11.  11.   0.    0.  28.  28.  25.  14.  17.   0.   0.  14.  14.  20. 
  4.   5.  11.  11.   6.    7.  22.  22.   6.   4.   0.   6.   6.   0.   0.   6. 
 11.  11.   4.   4.   7.    7.   0.   0.   0.  22.   5.   9.   6.   5.   5.   0. 
 15.  15.  12.  12.  27.   27.   0.   0.   0.   6.   9.   0.  10.   6.   6.   4. 
  8.   8.   0.   0.  15.   15.  22.  23.  13.   2.   2.   0.   0.   2.   2.   2. 
  3.   3.   0.   0.   9.    9.  12.  12.  22.   0.   0.   0.   0.   0.   3.   0. 
  7.   7.   0.   0.   7.    7.   0.   0.  30.   0.   0.  30.  22.  11.  14.  22. 
  5.   6.  10.  11.   0.    0.  13.  13.   0.  12.  20.   0.   0.   9.   9.   0. 
  0.   0.  17.  17.  10.   10.  11.  11.   0.  25.  25.   0.  12.  25.  25.  27. 
  0.   0.  12.  12.   0.    0.  12.  12.   0.  16.  15.   0.   3.   8.   8.  38. 
 15.  15.   2.   2.   0.    0.  17.  17.  28.   2.   2.  30.   0.   2.  25.   0. 
  0.   0.  16.  16.  12.   13.  20.  20.   0.   2.   2.   0.  27.   2.   4.   0. 
  0.   0.  11.  12.   1.    2.  10.  10.   0.  10.  14.   0.  29.  10.  10.   7. 
  0.   0.   8.   8.   5.    5.  13.  13.  18.   0.   0.  11.  11.   1.   1.  11. 
  3.   4.   0.   0.  16.   17.  13.  13.   0.   2.   2.   0.   0.  19.   2.   2. 
  6.   7.   0.   0.   6.    7.   0.   0.   1.   2.  11.   0.   0.   7.   2.   7. 
  2.   2.   2.   3.   6.    6.  10.  11.  12.   0.   0.   3.   3.   0.   0.   3. 
 16.  17.   9.   9.   0.    0.  10.  10.  14.   0.  28.  10.  10.   0.   0.  10. 
  2.   2.   0.   0.  13.   13.  11.  11.   0.   0.   0.   0.   0.  33.   0.   1. 
  1.   2.   3.   3.   0.    0.   4.   5.   8.   0.  10.   0.   0.   0.   0.  12. 
  4.   4.   2.   2.   5.    5.   0.   0.   0.  19.  19.  18.   0.  20.  19.   0. 
 19.  19.  11.  11.   0.    0.  28.  28.   0.  15.  10.   0.   0.  10.  10.   0. 
  2.   2.   8.   8.  10.   10.  19.  20.  23.   2.   0.  23.  23.   0.  36.  23. 
  2.   2.   2.   2.   0.    0.   4.   4.  15.   0.   0.  20.   1.   0.  12.   1. 
  6.   6.   0.   0.  16.   16.  19.  20.  27.  16.  16.   0.   0.  16.  22.   0. 
  0.   0.  30.  30.  19.   19.  11.  11.   6.   0.  16.   6.   8.   0.   0.   7. 
  0.   1.  10.  10.   0.    0.  10.  11.   0.   9.  10.   0.   0.   9.   9.   1. 
  0.   0.  18.  18.   6.    7.  24.  25.  17.  21.   0.  17.  17.   0.   0.  27. 
  3.   4.   0.   0.   3.    4.   1.   1.   0.   3.   3.   0.   0.   3.   3.   0. 
  1.   1.   3.   3.   4.    4.   0.   0.   0.   2.   4.   0.   0.   8.   2.   4. 
 15.  15.   0.   0.  15.   15.   0.   0.   0.   4.   4.  15.  15.   4.  26.   0. 
  3.   3.  16.  16.  10.   10.   3.   3.   5.   0.   4.   5.   5.   9.   0.   5. 
 12.  12.   0.   0.  17.   17.   5.   5.   6.   9.   9.   0.   0.  13.  26.   0. 
  9.   9.   1.   1.   5.    5.  14.  15.   2.  18.   0.   2.   2.   0.  35.   2. 
 22.  22.   8.   8.  14.   14.   0.   0.  11.   2.  36.  11.  24.   0.   0.  11. 
 21.  22.   0.   0.  21.   22.   0.   0.  21.   2.   2.  17.   0.  28.   4.   0. 
  0.   0.  18.  19.   6.    7.  21.  21.   0.   1.   1.   0.   0.  10.   1.  14. 
  3.   3.   0.   0.   3.    3.   0.   0.   4.   1.   0.   4.   4.   0.   1.   4. 
  3.   3.   0.   0.   7.    7.   4.   4.   4.  26.   0.   4.  33.   0.   6.   4. 
  5.   5.  16.  17.   3.    4.   8.   8.   0.   4.   4.   1.   4.   4.   4.   0. 
  0.   0.  10.  10.   7.    7.  11.  11.   0.   3.   3.   0.  36.   3.   3.  12. 
  2.   2.   0.   0.   2.    2.   0.   0.   3.  16.   0.   4.  20.   0.  16.   3. 
 11.  12.   0.   1.   9.   10.   1.   2.  16.   8.  32.  16.  16.   0.   0.  16. 
  0.   0.   3.   4.  24.   24.  24.  25.   3.   0.   0.   3.   3.  21.   9.   3. 
  0.   0.   0.   0.   0.    0.   0.   0.   8.   0.   0.  17.   0.  19.   5.   0. 
  0.   0.   1.   1.   0.    0.   1.   1.   0.  22.   2.  40.   8.   2.  26.   0. 
  0.   0.   5.   6.  12.   12.  13.  14.   1.   0.   0.   1.  24.   0.   0.  17. 
 10.  11.  10.  11.   0.    0.   0.   0.  24.   0.   8.   0.   0.   3.   0.   0. 
 10.  11.  17.  17.   5.    5.   1.   2.   0.   4.   4.  22.   0.  28.   4.   0. 
  0.   0.   3.   3.   0.    0.   3.   3.   0.   5.   5.   0.  14.   4.   4.  32. 
  6.   6.   8.   8.   0.    0.   2.   2.  10.   0.   0.  21.   4.  14.   0.   4. 
  4.   4.   2.   2.   0.    0.   6.   6.   0.  10.   8.   0.   0.   8.   8.   0. 
  0.   0.   1.   2.   1.    1.   1.   2.   0.   0.   0.   0.   1.   0.   0.  10. 
  0.   0.   4.   4.   3.    4.   2.   2.  18.   0.   0.  18.  18.  19.   2.  18. 
 15.  15.   0.   0.  24.   24.   9.   9.  12.  10.  10.   0.   0.  10.  24.   0. 
 14.  14.  22.  23.   0.    0.  22.  23.   4.   0.   0.   1.   0.   0.   0.   0. 
  3.   3.   0.   1.   4.    4.   0.   1.   0.   1.   1.   0.   0.   1.   1.   0. 
  2.   2.   9.   9.  22.   22.  11.  11.   0.   3.   3.   0.   0.  31.   3.   3. 
  0.   0.   1.   1.   9.    9.  10.  10.   2.   1.   1.   0.   0.   4.   1.  39. 
  4.   4.   0.   0.   4.    4.   0.   0.  15.   2.  10.   0.   0.  18.   2.  34. 
  3.   3.  14.  14.   0.    0.  11.  11.   8.   9.   8.   8.  20.   0.   0.   8. 
  0.   0.   7.   7.   0.    1.   7.   8.  31.   8.   8.   0.   0.  22.   8.   1. 
  0.   0.   8.   8.   7.    7.   1.   1.   0.   2.   2.  16.   0.   3.  27.   0. 
  1.   2.  17.  17.  18.   18.   0.   0.   3.   0.  20.   3.   8.   0.   0.  23. 
  4.   4.   0.   1.   3.    4.   0.   0.   0.   8.   8.   0.   1.   8.   8.   0. 
  1.   1.   7.   7.   0.    0.   6.   6.  15.   0.   0.   4.   4.  24.   0.   4. 
  1.   1.   2.   3.   0.    0.   1.   2.   0.   5.   9.   0.   7.   3.   3.   0. 
 14.  15.   0.   0.  14.   14.   1.   2.   2.   9.   9.   0.   0.   9.  13.   0. 
 12.  12.  24.  25.   9.    9.   3.   3.   0.   8.   8.  18.   0.  15.   8.   0. 
 10.  10.   0.   0.  10.   10.   0.   0.  10.  16.  16.   0.   0.  29.  16.  24. 
  0.   0.   0.   0.   0.    0.   0.   0.  10.   0.   0.  15.   0.  12.  18.   0. 
  3.   3.   0.   0.   5.    5.   2.   2.   3.   0.   0.   3.   7.   0.  27.   3. 
  8.   8.   5.   6.   2.    3.   0.   0.   1.  12.  12.   2.   0.  18.  12.   0. 
  1.   1.   1.   2.   0.    0.   0.   1.   0.  30.  31.   0.   8.  19.  19.   0. 
  0.   0.   5.   6.   6.    6.  11.  12.  30.   2.   2.   0.   0.  10.  20.   0. 
 32.  32.   8.   9.  10.   11.  13.  13.  34.   2.  14.   0.   0.   2.   2.   0. 
  8.   8.   3.   3.  35.   36.  24.  24.   0.   0.   0.   0.   0.  20.   8.   0. 
  5.   6.   0.   1.  13.   13.  19.  19.   0.  10.   2.   0.   0.   2.  19.   0. 
  1.   2.   0.   0.   1.    1.   0.   1.   0.   4.   5.   0.   0.   4.   4.   1. 
  0.   0.   2.   2.   0.    0.   2.   2.  26.   3.   3.   2.   0.  16.  18.   0. 
 11.  12.   0.   0.  20.   20.   8.   9.  32.   9.   9.   0.   0.  13.  23.   0. 
  5.   5.   0.   0.   0.    1.   4.   5.   2.   0.   4.   2.   2.   0.   0.   4. 
  6.   6.   0.   1.   7.    7.   0.   1.  10.   0.   0.  10.  10.   0.   0.  10. 
  9.   9.   3.   3.   6.    6.   0.   0.   2.   3.   8.   0.   0.  15.   3.   0. 
  4.   5.  12.  13.   0.    0.   8.   8.  17.   2.  14.   0.   0.  10.   2.   0. 
  4.   4.  13.  14.   0.    0.  17.  18.  35.   0.   9.   8.   8.   0.   0.  19. 
  1.   1.   3.   3.   0.    0.   2.   2.  17.   0.   9.   2.   2.  18.   0.   2. 
  8.   8.   5.   5.   3.    3.   0.   0.  12.   2.  12.  12.  17.   0.   0.  12. 
  2.   2.   2.   2.   0.    0.   4.   4.  24.  17.  17.  12.   0.  17.  21.   0. 
 17.  17.  17.  17.   0.    0.   8.   8.   5.   1.  19.   0.   0.   1.   1.   0. 
  0.   0.   3.   3.  14.   14.  17.  17.   9.   0.   0.   1.   1.  24.   3.   1. 
  5.   5.   7.   7.   0.    0.  12.  12.   7.   0.   0.   8.   5.   0.   1.   5. 
  7.   7.  16.  17.  13.   13.   0.   0.   0.   0.   2.   0.   0.   7.   0.   0. 
  2.   3.   0.   0.  12.   13.  10.  10.   5.  10.  10.   0.   0.  37.  10.   3. 
  5.   6.   3.   4.   1.    1.   1.   1.   0.  17.   1.  26.   0.   1.   1.   0. 
  0.   0.   0.   1.  15.   16.  16.  16.   0.  21.   2.   0.  23.   2.  30.   0. 
 12.  12.  16.  16.   4.    4.   0.   0.   0.   2.   8.   0.   0.  26.   2.   0. 
 26.  27.   4.   5.   5.    6.  16.  17.   1.   4.   8.   0.   0.   4.   4.   0. 
  1.   1.   0.   0.  11.   11.  10.  10.   2.   8.   8.   0.   0.  12.   8.   5. 
  4.   5.  21.  22.  27.   28.   1.   2.   0.  11.  11.   0.   0.  15.  17.   0. 
  0.   0.   1.   1.   1.    1.   2.   2.  16.   5.   5.   0.   0.  13.   5.  38. 
  0.   1.   5.   5.   0.    0.   4.   5.  16.   0.   0.  16.  16.   1.   0.  16. 
  9.  10.   0.   0.   7.    8.   2.   2.   6.   2.  20.   0.   0.   2.   2.  13. 
  0.   1.  11.  12.   3.    4.   7.   8.   4.   0.  12.   4.   8.   0.   0.   4. 
  6.   6.   2.   2.   8.    8.   0.   0.   0.  14.  14.   7.   5.  14.  24.   0. 
  9.   9.  10.  10.   6.    6.   0.   0.   0.   0.   8.   0.   0.  21.   0.   0. 
  0.   0.   2.   3.   0.    0.   2.   3.   2.   0.   0.  11.   1.  11.   3.   1. 
  5.   6.  13.  13.   1.    1.   6.   7.   0.  10.  10.   2.   0.  10.  10.   0. 
  8.   8.   0.   1.   1.    1.   6.   7.  30.  14.  26.   0.   0.  14.  14.   0. 
  0.   0.   1.   1.   1.    1.   0.   0.   0.   2.  10.   0.   0.  10.   2.  14. 
  0.   0.   5.   5.   0.    0.   5.   5.   0.  19.  22.   0.  16.   7.   7.   9. 
 15.  15.   1.   1.   0.    0.  16.  16.   3.  18.  16.   3.   3.   0.   0.  36. 
  5.   5.  13.  13.   0.    0.   8.   8.   0.  21.  21.   0.  18.  19.  19.   0. 
  8.   9.   0.   0.   7.    7.   1.   2.   7.   0.   5.   7.   7.   0.   0.   9. 
  0.   0.   5.   6.   0.    0.   5.   6.  12.   0.  19.  12.  12.   8.   0.  21. 
  3.   3.   6.   6.  11.   11.   2.   2.   0.  16.  16.   0.   9.  16.  20.   0. 
  1.   1.   4.   4.  33.   34.  28.  28.   0.   0.   0.   0.   6.   0.  21.   0. 
 34.  34.   1.   1.  15.   16.  17.  18.   0.  18.   4.  16.   0.   4.   4.   0. 
  5.   5.   0.   0.   5.    5.   0.   0.   5.  28.  26.   5.  12.   0.   0.  36. 
 12.  12.   0.   0.  10.   11.   1.   2.  16.  26.  30.  16.  16.   0.   0.  18. 
  8.   8.   5.   5.   3.    3.   0.   0.   0.   5.   0.   1.  16.   0.   0.   0. 
  0.   0.   9.   9.   1.    1.  10.  10.  18.   8.   8.   0.   0.  23.   8.  22. 
  0.   0.   7.   7.   6.    6.   1.   1.   0.   0.   8.   0.  18.   0.   0.  22. 
 37.  37.  14.  14.   9.    9.  14.  14.  10.   1.  33.  10.  10.   0.   0.  10. 
  4.   5.  11.  12.   7.    7.   0.   0.   1.   0.   6.   1.   1.  19.   0.   1. 
  8.   8.   9.  10.   0.    0.   1.   2.   0.  21.   5.  15.  15.   5.   5.   0. 
 18.  18.   0.   0.  18.   18.   0.   0.   0.  16.   1.   4.  12.   1.  10.   0. 
  7.   7.   4.   4.  28.   28.  39.  39.  25.   1.   1.   0.   0.   1.   1.   4. 
  8.   8.   9.   9.   0.    0.   1.   1.   0.  17.  11.   0.  22.   2.   2.   0. 
  5.   6.   0.   0.   5.    5.   0.   1.  13.   5.   5.  14.   0.   5.  14.   0. 
  1.   1.  13.  13.  14.   14.   0.   0.   0.  12.  12.  37.  20.  12.  18.   0. 
 19.  20.   9.   9.  10.   11.   0.   0.   0.  17.   4.   0.   4.   0.   0.   0. 
  0.   1.   8.   9.   0.    0.   8.   8.   5.  13.  18.   0.   0.  18.  13.   0. 
  0.   0.   7.   7.  13.   13.  20.  20.  15.  16.  16.   0.   0.  26.  16.  34. 
 13.  13.   0.   0.  11.   12.   1.   2.   0.  12.   6.   1.   0.   6.   8.   0. 
 25.  26.   3.   3.  10.   10.  13.  13.   5.  10.  16.   0.   0.  10.  10.   0. 
  2.   2.   9.   9.   6.    7.   0.   1.   0.   2.  18.   0.   0.  16.   2.   0. 
  0.   1.   6.   6.   3.    4.   2.   2.   0.   3.  16.   0.   0.   7.   3.   0. 
  0.   0.   4.   4.   4.    4.   0.   0.   0.   4.   4.  28.   0.   6.   4.   0. 
  0.   0.  20.  21.   3.    4.  17.  17.   7.   0.   0.  17.   7.   7.   4.   7. 
  0.   0.   3.   4.   9.    9.  13.  13.  22.   0.   0.   1.   1.   2.  19.   1. 
  3.   4.   0.   1.   3.    3.   0.   0.   9.   6.  16.   0.   0.  18.   6.   0. 
  3.   3.  14.  14.   0.    0.  11.  11.  11.   6.   4.  11.  13.   0.   0.  11. 
 16.  16.   2.   3.  19.   19.   0.   1.   0.   2.   2.   0.   2.   2.  12.   0. 
  0.   0.   4.   4.   4.    4.   8.   8.   6.  18.   0.   6.  16.   0.  20.   6. 
 10.  10.  10.  10.   6.    6.   0.   0.   0.  11.  11.   1.   0.  29.  11.   0. 
  1.   2.   0.   0.   1.    2.   0.   0.   4.   2.   2.   3.   0.   8.   4.   0. 
  6.   6.  10.  11.  14.   15.   0.   0.   1.   0.  24.   1.  14.   0.   0.   1. 
  1.   1.   4.   4.   0.    0.   5.   5.  25.   0.  11.  13.  13.   0.   0.  17. 
  7.   7.   0.   0.   9.    9.  15.  15.  29.   6.   6.   0.   0.   6.   7.   0. 
  7.   7.   0.   0.   3.    3.   4.   4.   1.   9.  21.   0.   0.   9.   9.  16. 
  9.   9.   7.   7.  18.   18.   2.   2.   0.   2.   2.   0.   0.   6.   2.   4. 
  3.   4.   0.   0.   1.    1.   2.   3.   8.   0.   5.   2.   2.   0.   0.   8. 
  8.   9.   1.   1.   5.    6.   2.   2.  10.   6.   6.  10.   0.   6.   6.   0. 
  0.   0.  23.  23.  21.   21.   2.   2.   6.   0.   0.  12.   6.  17.   6.   6. 
  0.   0.   4.   4.   3.    4.   3.   4.   0.   3.   3.   0.   0.   7.   3.   6. 
  3.   3.  19.  19.   8.    8.   8.   8.   6.   0.  14.   6.  16.   0.   0.   6. 
  2.   3.   0.   0.   6.    6.   3.   4.   3.   8.   0.   3.  16.   0.   7.   3. 
  0.   0.   6.   6.   3.    3.   5.   5.   4.   0.   0.   4.   4.   9.   0.  12. 
  7.   7.  14.  14.   0.    0.   7.   7.   0.  25.  23.   0.  14.   4.   4.   0. 
  5.   5.   2.   2.   2.    2.   8.   9.  13.   8.   8.   0.   0.   8.   8.  22. 