  frez       Ax       Bx       By       Cy       Cx      Dx        Dy       Ay
2921.159   -2.286   -2.360    2.224    2.148    2.168    2.241   -2.352   -2.272 
3071.437   -0.916   -0.544    2.043    1.972    0.723    1.682    4.108    3.418 
3074.389    3.259    2.916   -0.354   -0.319    2.874    3.599    0.174   -0.872 
3107.755    2.585    1.866    3.361    3.525   -1.512   -2.103   -0.810   -0.618 
3152.309    1.624   -2.404   -0.059   -0.148   -2.001    0.816    3.472   -4.030 
3166.894   -3.237    3.560   -0.934    1.237   -3.117    2.213    0.253   -1.251 
3174.687   -2.202    2.266    1.287   -1.118    3.083   -2.947    2.324   -2.340 
3182.156   -0.128    0.381    4.336   -4.251   -1.688    1.318   -0.652    0.358 
2913.791   -2.430   -2.415    2.267    2.197    2.157    2.222   -2.142   -2.163 
3069.900    3.327    3.257   -0.073   -0.184    3.026    3.027   -0.851   -0.739 
3080.164    0.929    0.808    3.648    3.550   -0.136   -0.064    2.570    2.737 
3109.963   -1.760   -1.697   -1.525   -1.734    2.782    2.379    2.704    3.097 
3152.750   -4.490    4.597    0.104   -0.002   -0.185    0.186   -0.069    0.100 
3163.828   -0.025    0.118    3.781   -3.674    2.445   -2.724    0.372   -0.594 
3171.711   -0.139    0.236   -2.524    2.751    3.694   -3.681    0.533   -0.616 
3178.179   -0.073    0.030   -0.087    0.026   -0.584    0.912    4.715   -4.319 
2913.981   -2.213   -2.235    2.179    2.422    2.550    2.253   -2.046   -2.066 
3067.989    3.477    3.133    0.240    0.900    3.156    2.758    0.880    0.310 
3080.416   -1.357   -0.708    2.165    2.500    0.056   -0.119    3.520    3.974 
3109.033   -2.238   -1.399   -2.978   -3.134    1.986    2.872    1.277    1.447 
3153.643    1.194   -1.086    1.966   -1.050   -3.748    3.844    1.677   -1.473 
3160.739   -3.462    4.530    0.951   -0.309   -1.475    1.452   -1.753    0.884 
3176.408    1.326   -0.969    3.636   -3.463    1.051   -0.406   -2.440    2.623 
3179.068    1.487   -1.280   -2.352    2.350   -1.842    1.847   -3.305    3.077 
2920.641   -2.328   -2.231    2.171    2.288    2.367    2.264   -2.149   -2.252 
3073.391    2.771    2.751    1.049    0.867    3.211    3.122    1.515    1.385 
3083.650    0.678    0.633   -3.116   -3.697    1.878    1.274   -2.469   -2.476 
3109.513   -2.488   -2.945   -1.699   -1.802    1.533    1.697    3.050    2.460 
3160.127   -0.189    0.491   -0.887    0.520   -4.139    4.352    1.141   -1.697 
3166.143   -3.442    3.218    3.075   -2.890   -0.032   -0.153    1.047   -0.783 
3176.140   -2.900    2.917   -3.623    3.138    1.048   -0.814    0.480   -0.309 
3180.171   -1.259    0.943   -0.049   -0.247   -1.111    1.577   -4.099    4.367 
2921.070   -2.315   -2.337    2.302    2.264    2.124    2.154   -2.281   -2.279 
3080.294   -1.019   -1.072    2.984    2.950   -0.936   -0.937    3.145    3.187 
3085.603    3.333    3.278    1.388    1.410    2.752    2.771    0.576    0.621 
3116.498    1.874    1.728    2.100    2.247   -2.851   -2.728   -2.176   -2.349 
3168.781   -3.980    4.034   -1.132    1.256   -0.369    0.294   -1.852    1.791 
3171.260   -1.648    1.768    4.140   -4.056    0.496   -0.578    0.942   -1.007 
3172.621   -1.410    1.350   -1.505    1.494   -0.277    0.410    4.148   -4.019 
3184.316    0.178   -0.211    0.648   -0.732   -4.520    4.556   -0.026    0.093 
2911.314   -2.158   -2.158    2.029    2.003    2.268    2.352   -2.509   -2.465 
3071.637   -1.601   -1.596    2.557    2.533    0.076   -0.041    3.410    3.410 
3074.325    2.741    2.676    0.232    0.222    3.442    3.528    0.980    1.175 
3111.883    2.593    2.359    3.131    3.270   -1.807   -1.681   -1.059   -1.314 
3147.112    0.221   -0.259    0.045   -0.193    0.688   -0.398    4.533   -4.463 
3159.591    0.280   -0.155    0.411   -0.324    4.518   -4.489   -0.651    0.482 
3171.200   -4.474    4.653    0.072    0.095    0.234   -0.256    0.186   -0.241 
3183.693    0.007    0.080    4.613   -4.542   -0.425    0.334   -0.084    0.054 
2909.445   -2.155   -2.173    2.274    2.222    2.034    2.166   -2.507   -2.419 
3061.477   -0.832   -0.877    3.086    3.052   -0.295   -0.453    3.246    3.156 
3084.023    3.428    3.318    0.921    0.933    2.815    2.995    0.194    0.524 
3107.605   -2.087   -1.851   -2.128   -2.425    2.834    2.708    1.687    2.266 
3145.938    0.285   -0.297    0.291   -0.525    0.826   -0.191    4.533   -4.407 
3158.385    0.365   -0.178    4.549   -4.426    0.420   -0.672   -0.559    0.394 
3171.094   -4.462    4.639    0.414   -0.237   -0.194    0.146    0.256   -0.321 
3179.692   -0.163    0.305   -0.540    0.628    4.564   -4.476   -0.574    0.325 
2923.548    2.161    2.200   -2.312   -2.278   -2.273   -2.316    2.287    2.247 
3080.048    1.284    1.295   -2.952   -3.180    1.858    1.610   -2.614   -2.558 
3085.965    2.427    2.446    1.177    1.081    3.056    3.188    2.078    1.866 
3114.855   -2.989   -2.836   -1.925   -2.408    1.722    1.517    2.268    2.201 
3166.664   -0.263    0.033   -3.136    2.651   -3.357    3.610    0.523   -0.525 
3172.304   -0.815    0.831   -1.950    1.929    1.183   -0.939   -3.812    4.030 
3175.874    0.657   -0.777   -2.986    2.925    2.815   -2.665    2.088   -2.023 
3183.975   -4.433    4.485    0.036    0.079    0.317   -0.400    0.972   -1.109 
2912.691    2.498    2.328   -2.212   -2.048   -2.030   -2.123    2.230    2.477 
3077.522   -0.840   -1.536    3.068    2.805   -0.833   -0.738    2.932    3.358 
3078.459    3.213    2.374    0.989    1.022    3.157    3.437    0.523    1.205 
3115.366   -2.660   -1.919   -2.324   -2.693    2.228    2.201    2.096    2.023 
3157.863    2.731   -3.603    0.414   -1.358    0.445   -0.678   -3.380    2.635 
3167.200    2.504   -2.408    1.702   -1.973    0.874   -0.745    3.325   -3.246 
3173.824    1.513   -2.035   -2.228    1.745   -3.688    3.606    0.666   -0.694 
3181.543    0.882   -1.263   -3.603    3.564    2.744   -2.432    0.663   -0.462 
2914.184    2.463    2.319   -2.222   -2.312   -2.228   -2.140    2.081    2.230 
3068.911    3.105    2.962    1.775    1.655    2.772    2.590    1.041    1.218 
3076.804    0.760    0.804   -2.942   -3.590    2.435    1.787   -2.122   -2.238 
3106.913   -1.950   -2.498   -1.162   -1.411    2.129    1.888    3.287    3.043 
3154.163   -3.873    3.768    2.456   -2.246    0.182   -0.272    0.929   -0.433 
3160.332   -1.762    1.923   -3.342    2.667   -2.313    3.037    1.028   -0.945 
3167.565   -1.514    1.434   -2.489    2.430    3.375   -3.467   -0.841    1.095 
3179.600   -0.859    0.553    0.111   -0.373   -1.184    1.511   -4.301    4.328 
2921.512    2.435    2.325   -2.259   -2.238   -2.153   -2.169    2.177    2.294 
3082.539    3.166    2.945   -0.486   -0.707    3.365    3.120   -0.849   -0.658 
3084.380    1.198    0.799    3.376    3.586    0.236    0.429    2.571    2.913 
3117.333    2.155    2.143    1.478    2.032   -2.580   -2.059   -2.666   -2.869 
3168.046   -4.291    4.626   -0.110    0.304   -0.262    0.485    1.049   -0.688 
3170.845   -0.173    0.415    4.353   -3.785    1.715   -2.292    0.240   -0.417 
3180.664    0.920   -0.852    0.903   -0.994   -2.234    2.514    3.859   -3.548 
3181.518    0.359   -0.261   -1.746    1.921    3.327   -3.355    2.603   -2.469 
2910.175   -2.115   -2.086    2.067    2.064    2.232    2.342   -2.548   -2.479 
3068.922   -0.695   -0.737    2.797    2.794    0.749    0.583    3.496    3.390 
3077.636    3.005    2.917   -0.432   -0.427    3.296    3.534    0.124    0.487 
3111.045    2.714    2.596    2.893    2.935   -1.779   -1.801   -1.408   -1.481 
3145.000   -0.138   -0.058   -0.053    0.179   -0.738    0.371   -4.446    4.549 
3162.483    0.238   -0.148    0.314   -0.388    4.604   -4.413   -0.662    0.490 
3175.655   -3.706    3.838    2.645   -2.564   -0.046    0.043   -0.024    0.035 
3177.179   -2.562    2.630   -3.746    3.764    0.432   -0.385    0.067   -0.062 
2910.499   -2.065   -2.019    2.144    2.138    2.154    2.415   -2.597   -2.391 
3068.173   -0.919   -0.983    3.190    3.243   -0.265   -0.743    3.276    2.721 
3083.640    2.863    2.710    0.356    0.311    3.166    3.600    0.788    1.508 
3113.573    2.866    2.752    2.259    2.474   -1.965   -1.792   -1.998   -1.905 
3149.360   -0.271   -0.361   -0.243    0.446   -1.835    1.013   -4.005    4.517 
3166.974    0.071    0.064    3.858   -3.732    2.283   -2.323   -1.185    0.983 
3171.020    0.411   -0.312   -2.574    2.459    3.803   -3.503   -1.175    0.913 
3183.266   -4.486    4.671   -0.155    0.244    0.300   -0.247   -0.110    0.159 
2920.766    2.380    2.346   -2.279   -2.146   -2.141   -2.191    2.220    2.339 
3082.471    2.789    2.426    1.058    1.121    3.053    3.486    1.417    1.448 
3084.506    1.182    1.635   -2.952   -2.678    1.255    1.107   -3.064   -3.088 
3118.050    2.704    2.295    2.503    2.666   -1.767   -2.177   -2.250   -1.706 
3167.477    2.587   -2.989    0.764   -1.349    2.034   -1.619   -2.890    2.934 
3173.354   -3.210    3.098   -1.236    1.540    1.494   -1.200   -2.454    2.907 
3176.955    0.896   -1.241   -2.237    2.051   -3.532    3.302   -1.998    1.767 
3182.814    1.270   -1.522   -3.655    3.661    2.107   -1.932    1.380   -1.192 
2908.792   -2.317   -2.388    2.312    2.435    2.352    2.134   -1.981   -2.012 
3065.595    3.444    3.443    0.741    1.358    2.967    2.467    0.324    0.205 
3079.778   -0.387   -0.410    3.112    3.164   -0.887   -1.167    2.997    3.230 
3109.880   -1.893   -1.478   -2.163   -1.782    2.679    2.604    2.508    2.781 
3150.736   -4.426    4.511   -0.553    0.769   -0.043   -0.280   -0.593    0.256 
3156.485    0.491   -0.838   -3.991    3.651    1.944   -2.713   -0.360    0.094 
3169.154    0.202   -0.190   -2.214    2.519   -3.858    3.876    0.597   -0.528 
3181.352   -0.532    0.313    0.020   -0.056    0.584   -0.642    4.673   -4.378 
2920.359    2.228    2.187   -2.127   -2.120   -2.357   -2.371    2.311    2.342 
3072.055    2.181    2.069    0.395    0.217    3.313    3.740    2.113    1.610 
3081.559   -1.445   -1.479    2.762    3.064   -1.305   -0.677    3.148    2.873 
3111.874    3.116    2.960    2.535    2.988   -1.149   -1.199   -1.885   -1.255 
3153.744    0.058   -0.214    0.822   -0.444    4.217   -3.824   -1.555    2.386 
3167.459   -0.110   -0.160   -0.921    0.523   -1.681    2.127   -3.929    4.224 
3177.952   -4.449    4.632    0.703   -0.540   -0.023    0.010   -0.112    0.166 
3182.828    0.665   -0.581    4.611   -4.263   -1.068    0.730   -0.432    0.327 
2914.723    2.402    2.348   -2.202   -2.126   -2.058   -2.135    2.327    2.394 
3074.400    2.072    2.117   -2.368   -2.321    1.469    1.500   -2.865   -3.004 
3080.620    2.924    2.554    2.260    2.170    2.472    2.517    1.231    1.655 
3112.360    1.851    1.603    2.236    2.492   -2.977   -2.645   -1.782   -2.325 
3160.091   -4.201    4.532   -0.082    0.371    0.003    0.164    1.376   -1.148 
3161.738    1.196   -1.226    0.558   -0.643    0.824   -0.395    4.524   -4.084 
3171.684   -0.357    0.534    4.280   -4.144    1.409   -1.754   -0.806    0.536 
3181.924    0.045   -0.125    1.561   -1.775   -4.223    4.298    0.434   -0.250 
2914.822   -2.327   -2.400    2.230    2.155    2.065    2.051   -2.367   -2.393 
3071.654   -1.113   -1.283    2.699    2.487   -0.078    0.004    3.533    3.532 
3080.152    3.263    3.379    1.178    1.277    2.816    2.902    0.335    0.192 
3112.707   -1.637   -1.523   -2.887   -2.647    2.766    3.029    1.626    1.382 
3154.373   -0.817    0.791   -0.235    0.177    0.531   -0.277   -4.406    4.506 
3160.619    4.540   -4.396    0.241   -0.466    0.321   -0.137   -0.811    0.782 
3173.906    0.358   -0.440   -4.414    4.697   -0.257    0.067    0.134   -0.106 
3183.538   -0.166    0.115   -0.199    0.126    4.658   -4.472    0.532   -0.365 
2911.605   -2.187   -2.082    2.060    2.248    2.495    2.314   -2.230   -2.351 
3059.840    1.791    1.736    1.253    1.491    2.695    3.035    2.895    2.460 
3080.267   -2.760   -2.477    2.058    2.133   -1.777   -1.739    2.418    2.648 
3104.172    2.380    2.534    3.192    2.972   -1.030   -2.447   -1.624   -0.795 
3144.471    0.014   -0.577   -1.334    0.279    3.950   -3.014   -2.279    3.020 
3160.262   -0.562    0.697    0.962   -0.844   -2.328    2.686   -3.711    3.567 
3168.042   -4.025    3.982    1.665   -2.078    1.221   -0.867    0.531   -0.347 
3179.011   -1.926    2.257   -4.010    3.984   -0.947    0.615   -0.231   -0.032 
2925.720    2.221    2.296   -2.321   -2.255   -2.243   -2.295    2.257    2.200 
3075.992    1.499    2.642    3.961    3.053    0.188    0.458    1.852    1.820 
3079.327   -2.612   -3.035    0.977    1.799   -3.253   -2.779    1.225    1.212 
3110.638   -1.358   -1.950   -0.908   -0.830    2.846    2.110    3.214    3.412 
3158.175    2.575   -1.297   -3.382    4.020   -1.234    2.026    0.157   -0.001 
3171.900   -3.719    3.036   -1.190    0.309   -2.316    2.757   -1.385    1.576 
3180.431   -1.413    1.631   -2.099    2.511    3.288   -3.532   -1.431    1.192 
3183.188    1.890   -1.559    1.049   -0.810   -0.325    0.089   -4.192    4.091 
2913.865    2.491    2.366   -2.278   -2.333   -2.147   -2.099    2.067    2.199 
3066.044    2.849    3.068    2.879    2.565    1.674    1.695    1.114    1.340 
3074.781    1.583    1.549   -2.285   -2.919    3.125    2.469   -1.828   -1.876 
3107.399   -1.363   -2.232   -0.882   -0.957    2.516    2.083    3.333    3.359 
3146.974   -3.676    3.087    2.888   -2.993    0.374   -0.557    0.668   -0.103 
3157.741   -2.855    2.938   -3.484    2.923   -0.870    1.657    0.685   -0.308 
3171.957    0.668   -0.660    1.122   -1.411   -3.953    4.374    1.223   -1.230 
3180.937    0.588   -0.321   -0.124    0.372    1.176   -1.371    4.423   -4.326 
2918.173    2.233    2.211   -2.156   -2.172   -2.209   -2.197    2.408    2.440 
3068.589   -1.641   -1.058    2.309    2.319    0.283    0.493    3.399    3.842 
3078.785    3.412    2.983    0.660    0.656    2.979    3.244    0.844    0.112 
3108.364   -2.101   -1.573   -3.247   -3.171    2.241    2.637    0.903    1.157 
3148.509    0.668   -1.591   -0.021   -0.060   -0.961    0.553    4.526   -4.076 
3169.546   -3.860    4.394    0.937   -0.801   -1.621    1.379    0.582   -1.123 
3174.154   -1.099    1.062    1.083   -1.211    4.330   -4.022    1.131   -0.891 
3178.088   -1.031    1.175   -4.335    4.373    0.786   -0.808    0.428   -0.488 
2921.725    2.210    2.168   -2.213   -2.262   -2.218   -2.280    2.376    2.331 
3075.531    2.019    1.292   -2.508   -2.520    0.513    0.728   -3.058   -3.585 
3084.597    3.395    3.097    1.587    1.516    2.576    2.682    1.102    0.838 
3112.428   -1.811   -1.259   -2.769   -2.509    2.716    3.067    1.240    2.125 
3160.637    1.414   -2.382   -0.478    0.214    0.467   -0.076    4.509   -3.621 
3172.249   -2.361    2.361    3.526   -3.714   -0.372    0.524    1.394   -1.484 
3178.940    3.066   -3.489    2.488   -2.384   -1.681    1.605   -1.067    1.435 
3179.234    0.850   -0.944    1.224   -1.470    4.423   -4.067   -0.596    0.621 
2914.481   -2.349   -2.307    2.316    2.389    2.263    2.201   -2.059   -2.116 
3069.400    3.149    3.335    1.280    0.911    3.036    2.749    0.697    0.717 
3071.682    0.040   -0.082   -3.254   -3.886    2.178    1.514   -2.033   -2.084 
3106.885   -1.893   -2.378   -0.780   -1.026    2.076    1.722    3.512    3.331 
3150.524   -1.932    1.617    4.204   -3.696    0.977   -1.645    0.080    0.058 
3159.738    3.864   -3.631    1.165   -0.568    2.087   -2.634   -0.610    0.379 
3165.025   -1.906    1.831   -2.012    2.064    3.480   -3.685   -0.513    0.670 
3182.385   -0.249    0.092    0.124   -0.247   -0.620    0.829   -4.480    4.570 
2921.150    2.354    2.332   -2.371   -2.377   -2.123   -2.122    2.166    2.198 
3078.023    0.965    0.992    3.508    3.668   -0.377   -0.169    2.574    2.649 
3083.576    3.292    3.342    0.043   -0.268    3.141    2.925   -0.793   -0.739 
3115.201   -1.699   -1.875   -1.218   -1.608    2.848    2.430    2.909    2.970 
3160.176   -1.158    1.095    4.500   -4.216    0.425   -0.912    0.077   -0.167 
3167.896    4.467   -4.375    1.156   -0.973    0.336   -0.542   -0.062   -0.093 
3180.467    0.111   -0.073    0.074   -0.134   -1.206    1.362    4.463   -4.345 
3183.881    0.219   -0.284    0.649   -0.902   -4.179    4.479   -1.259    1.314 
2911.865    2.339    2.372   -2.392   -2.379   -2.209   -2.093    2.036    2.147 
3069.452    2.591    2.677    2.591    2.624    1.820    1.822    1.861    1.916 
3074.010   -1.501   -1.862    2.373    2.573   -3.230   -2.618    1.708    1.782 
3106.460   -1.852   -2.659   -1.200   -1.469    2.046    1.959    3.317    2.895 
3151.380   -0.189    0.226    4.603   -4.350    0.571   -0.899   -0.035    0.020 
3158.280    4.550   -4.043    0.066    0.043    0.978   -1.135   -1.286    0.756 
3165.689    1.507   -1.109    0.650   -0.831   -3.907    4.215    1.161   -1.652 
3180.120   -0.748    0.441    0.104   -0.340   -1.390    1.842   -4.154    4.319 
2914.675    2.387    2.248   -2.060   -2.112   -2.263   -2.298    2.288    2.345 
3072.549    3.141    2.906    0.962    0.976    3.053    3.191    0.738    1.066 
3084.180   -1.222   -1.354    2.845    2.871   -0.461   -0.699    3.333    3.196 
3113.562    1.944    2.236    2.831    2.585   -2.107   -2.492   -2.063   -1.818 
3160.731    3.770   -4.018   -0.620    0.629    0.629   -0.831   -2.295    2.023 
3165.829   -0.423    0.471   -0.354    0.027    4.663   -4.284    0.751   -0.739 
3169.199    2.410   -2.068   -0.135    0.320   -0.476    0.407    3.813   -4.089 
3182.353   -0.557    0.722   -4.484    4.591   -0.344    0.191    0.040   -0.089 
2925.267   -2.199   -2.240    2.313    2.333    2.350    2.300   -2.174   -2.172 
3082.063    2.358    2.387    1.103    1.285    2.799    3.250    2.387    1.834 
3089.034    1.421    1.547   -2.924   -2.846    1.859    1.802   -2.711   -2.591 
3117.802    2.821    2.853    2.315    2.411   -1.180   -2.037   -2.446   -1.732 
3168.094   -0.114   -0.254   -0.807    0.439    4.507   -3.760   -1.286    2.192 
3176.493    0.410   -0.271    4.525   -4.518    0.776   -0.551    0.034    0.050 
3182.026   -3.906    3.790    0.441   -0.382   -0.779    0.957   -2.179    2.444 
3184.307    2.485   -2.481   -0.000   -0.052   -1.405    1.698   -3.398    3.670 
2918.188   -2.094   -2.090    2.312    2.497    2.403    2.231   -2.189   -2.193 
3074.668    1.236    1.228    2.484    2.946    1.327    1.191    3.331    3.045 
3086.661    2.568    2.561   -1.800   -1.605    3.273    3.259   -0.758   -0.932 
3114.777    2.877    2.904    2.048    2.166   -1.410   -2.029   -2.496   -1.950 
3160.190    0.003   -0.420   -3.963    3.354    2.358   -2.482   -1.081    1.251 
3168.449   -0.289    0.107    2.492   -2.634    2.785   -2.275   -2.521    3.052 
3175.097   -0.299    0.355   -0.807    0.934   -2.812    3.016   -3.353    3.465 
3185.392    4.589   -4.564    0.241   -0.197   -0.196    0.223   -0.310    0.312 
2921.123    2.228    2.219   -2.360   -2.338   -2.148   -2.136    2.286    2.336 
3076.355    0.209    0.066    3.289    3.315   -0.151   -0.061    3.093    3.169 
3090.342    3.180    3.188    0.012   -0.009    3.343    3.226   -0.076    0.016 
3116.262   -2.351   -2.424   -1.944   -2.149    2.413    2.256    2.392    2.308 
3164.843    0.026    0.099    4.574   -4.451    0.375   -0.530    0.498   -0.568 
3169.030   -0.243    0.371   -0.458    0.503   -0.514    0.547    4.536   -4.476 
3180.086    4.535   -4.488   -0.109    0.064    0.714   -0.765    0.316   -0.460 
3183.702    0.776   -0.780    0.435   -0.574   -4.400    4.558   -0.431    0.403 
2919.415   -2.284   -2.221    2.129    2.228    2.404    2.312   -2.199   -2.264 
3074.795    2.955    2.889    0.930    1.010    3.131    3.061    1.306    1.261 
3086.794   -1.460   -1.324    2.778    2.845   -0.873   -0.916    3.141    3.255 
3113.150    2.187    2.334    2.807    2.550   -1.953   -2.351   -2.030   -1.895 
3162.755    0.669   -0.834   -0.906    0.600    4.288   -4.209   -1.207    1.335 
3169.135    4.350   -4.324   -0.935    1.205   -0.876    0.681    0.537   -0.612 
3174.229   -0.303    0.283    0.136   -0.148    1.322   -1.434    4.408   -4.302 
3181.444   -1.111    1.298   -4.380    4.407   -0.605    0.394    0.147   -0.286 
2923.193   -2.160   -2.185    2.318    2.330    2.248    2.266   -2.313   -2.250 
3075.843    1.231    1.995    3.742    2.994    0.643    0.509    2.506    2.441 
3086.975    3.001    3.421   -0.849   -1.215    2.698    2.772   -1.456   -1.331 
3113.319   -1.233   -2.039   -2.065   -1.064    2.872    2.735    2.692    2.762 
3163.101    2.409   -1.162   -3.557    4.667   -0.151   -0.203   -0.118   -0.237 
3173.948   -1.150    1.025   -0.555    0.547   -1.062    0.930   -4.241    4.359 
3179.673   -0.750    0.633   -0.336    0.317   -4.309    4.399    1.316   -1.141 
3181.395    4.195   -3.755    1.956   -1.568   -1.067    1.021   -0.980    0.997 
2925.220   -2.265   -2.262    2.210    2.219    2.200    2.255   -2.361   -2.314 
3082.530    1.757    2.309    3.258    2.727    1.532    1.500    2.306    2.287 
3087.516   -2.860   -3.038    1.470    1.620   -2.194   -2.379    2.228    2.035 
3117.037   -1.233   -1.970   -2.428   -1.718    2.844    2.928    2.326    2.335 
3170.391    4.093   -3.191   -2.219    3.146   -0.044   -0.226    0.045   -0.298 
3173.525   -0.208    0.163   -0.487    0.605   -0.472    0.313   -4.462    4.588 
3181.535   -2.424    2.523   -3.283    3.427   -1.854    1.759    0.663   -0.662 
3183.671   -1.120    1.192   -1.463    1.410    4.274   -4.133   -0.194    0.105 
2911.202    2.100    2.215   -2.483   -2.442   -2.155   -2.118    2.244    2.210 
3065.620   -0.084   -0.246    3.225    3.185   -0.564   -0.675    3.157    3.139 
3084.773    3.184    3.359    0.211    0.695    3.224    3.024    0.316    0.340 
3110.400    2.353    2.243    1.830    2.100   -2.563   -2.341   -2.259   -2.475 
3149.314    0.778   -0.243    4.536   -4.455    0.088    0.120    0.257   -0.361 
3162.631    0.591   -0.728   -0.442    0.314    0.269   -0.118    4.539   -4.451 
3175.650    3.941   -3.848   -0.492    0.287    2.251   -2.302   -0.743    0.660 
3177.073    2.289   -2.233   -0.311    0.221   -3.823    4.118   -0.091    0.274 
2916.913    2.167    2.174   -2.146   -2.087   -2.306   -2.383    2.383    2.367 
3076.183   -2.783   -2.739    1.707    1.746   -2.977   -3.017    1.077    1.061 
3078.537    0.638    0.539    2.273    2.235    1.872    2.045    3.387    3.386 
3113.596    3.035    2.639    2.692    3.044   -1.609   -1.371   -1.477   -1.549 
3159.404   -0.084   -0.095   -0.632    0.368   -3.607    3.599    2.755   -2.736 
3159.902   -0.467    0.408   -0.662    0.540   -2.699    2.643   -3.618    3.618 
3177.263   -4.217    4.440   -1.242    1.490    0.485   -0.466    0.373   -0.412 
3181.656   -1.290    1.577    4.426   -4.189   -0.762    0.545   -0.121   -0.000 
2919.331   -2.309   -2.368    2.331    2.316    2.215    2.217   -2.166   -2.117 
3073.994    3.534    3.760    0.964    0.633    2.568    2.498   -0.403   -0.626 
3079.107   -0.151    0.436    3.625    3.293   -0.721   -0.775    2.771    2.918 
3110.877   -1.374   -1.195   -1.743   -1.411    3.130    2.816    2.499    3.058 
3155.850    4.161   -3.900   -1.620    2.163    0.141   -0.024    1.127   -0.610 
3165.142   -1.564    1.897   -3.953    4.215   -0.732    0.607   -0.955    0.679 
3176.208    0.484   -0.500    0.590   -0.654   -4.362    4.596   -0.417    0.649 
3181.012   -1.279    0.888   -0.406    0.240   -0.560    0.803    4.559   -4.213 
2916.389    2.278    2.301   -2.351   -2.340   -2.287   -2.296    2.088    2.075 
3072.824    3.165    3.369    0.188   -0.053    3.209    3.112   -0.043   -0.033 
3077.892    0.657    0.878    3.745    3.633   -0.908   -0.792    2.412    2.399 
3110.981   -1.884   -2.138   -1.225   -1.139    2.271    2.031    3.256    3.301 
3157.429    1.882   -1.565   -3.927    4.087   -1.230    1.383    0.009   -0.005 
3163.022    3.491   -3.241    0.605   -0.323    2.952   -3.123    0.107   -0.224 
3166.129   -2.547    2.514   -2.093    2.133    3.108   -3.180   -0.355    0.298 
3184.931   -0.323    0.288   -0.173    0.150    0.135   -0.095    4.592   -4.572 
2914.492    2.430    2.399   -2.171   -2.105   -2.106   -2.175    2.276    2.331 
3070.525    3.344    3.718    1.336    0.811    2.581    2.629   -0.419   -0.220 
3077.286   -0.521   -0.312    3.506    3.101   -0.452   -0.464    2.942    3.184 
3108.063    0.999    1.712    2.155    1.757   -3.161   -2.873   -2.126   -2.669 
3150.880    4.702   -4.120   -0.604    1.325   -0.203   -0.063   -0.292   -0.004 
3165.907    0.397   -0.441    1.063   -1.162    1.377   -1.037    4.422   -4.047 
3170.311    0.667   -0.938    3.542   -3.893    1.806   -2.096   -1.755    1.449 
3177.913   -0.330    0.589   -1.978    2.394    3.905   -4.022   -0.610    0.396 
2917.637   -2.392   -2.449    2.264    2.198    2.209    2.193   -2.148   -2.169 
3071.656    3.529    3.261   -0.262   -0.107    2.742    2.736   -1.042   -1.436 
3084.174    0.599    0.759    3.102    2.958    0.847    0.842    3.092    3.376 
3110.922    1.970    1.217    2.649    2.453   -2.724   -2.801   -1.727   -2.230 
3154.202   -4.169    4.673   -0.051    0.422   -0.232   -0.092   -1.277    0.601 
3172.517   -0.408    0.275   -0.111    0.159   -4.151    4.139    1.989   -1.830 
3175.317    0.591   -0.559   -4.116    4.352   -0.691    0.542   -1.582    1.482 
3176.986    0.915   -0.587    1.695   -1.754   -1.843    1.849   -3.941    3.539 
2918.639   -2.206   -2.210    2.259    2.505    2.441    2.166   -2.089   -2.129 
3078.235    3.375    3.112    1.172    1.906    2.834    2.160    1.270    1.038 
3081.860    1.888    1.269   -2.325   -2.505    0.867    1.089   -2.989   -3.720 
3115.381    1.962    1.198    2.707    2.457   -2.817   -2.855   -1.502   -2.178 
3165.025    0.120   -0.459   -3.970    3.340    2.180   -3.029   -0.728    0.322 
3167.119   -3.506    4.444    0.245   -0.038    0.079   -0.306   -2.651    1.607 
3179.243   -1.553    1.466   -2.315    2.467   -2.744    2.659    2.466   -2.330 
3181.886    1.737   -1.417   -1.171    1.387   -2.554    2.627   -3.342    3.041 
2918.817   -2.386   -2.376    2.224    2.223    2.255    2.206   -2.154   -2.212 
3074.002    3.569    3.323    0.375    0.450    2.921    2.900   -0.241   -0.529 
3083.716   -0.281   -0.045    3.015    2.911    0.240    0.253    3.284    3.621 
3111.315    1.900    1.506    2.757    2.475   -2.560   -2.801   -1.817   -2.080 
3158.127   -4.258    4.672    0.267   -0.191   -0.067   -0.004   -1.053    0.598 
3170.260   -0.420    0.343    0.920   -0.814   -3.799    3.720    2.474   -2.384 
3176.410   -0.212    0.040    3.697   -3.955    2.037   -1.831    1.727   -1.487 
3176.983    0.864   -0.684    2.313   -2.396   -1.690    1.814   -3.582    3.273 
2911.239   -2.170   -2.281    2.481    2.377    2.165    2.262   -2.164   -2.070 
3061.759    0.503    0.279   -3.336   -3.398    2.133    1.822   -2.287   -2.211 
3071.928    3.228    3.810    1.811    1.124    2.401    2.359    0.511    0.461 
3103.032    1.716    1.711    0.672    1.158   -2.817   -2.033   -3.110   -3.474 
3141.193    0.656   -0.334   -4.283    4.342   -0.756    1.621    0.102    0.388 
3159.039    4.313   -3.867    0.258    0.120    1.356   -1.297    1.549   -1.412 
3166.373    1.448   -1.514    1.157   -1.503   -3.920    4.220   -0.296    0.691 
3176.250   -1.432    1.031   -0.140   -0.129   -0.795    1.121    4.401   -4.198 
2920.678    2.394    2.284   -2.203   -2.251   -2.269   -2.194    2.155    2.299 
3077.605    2.857    2.690    1.735    1.746    2.770    2.731    1.472    1.656 
3088.911    1.474    1.638   -2.848   -2.827    1.810    1.727   -2.667   -2.738 
3116.288   -2.021   -2.465   -2.298   -2.034    2.102    2.383    2.619    2.280 
3166.409    3.766   -3.814   -1.229    1.228    1.338   -1.478   -1.903    1.549 
3172.998   -2.093    1.813    0.056   -0.284    4.033   -3.860   -1.006    1.418 
3176.740   -0.968    1.146   -4.339    4.458   -0.187    0.035    0.716   -0.717 
3181.109   -1.378    1.109   -0.387    0.243   -1.751    1.924   -3.993    4.013 
2920.192    2.114    2.110   -2.324   -2.344   -2.344   -2.420    2.230    2.148 
3079.164    0.780    1.126    3.727    3.359   -0.070   -0.293    2.765    2.592 
3082.574    2.935    3.146   -0.569   -0.760    3.216    3.447   -0.072    0.114 
3115.485    2.174    2.737    1.779    1.074   -1.976   -1.923   -3.049   -2.885 
3162.836    1.432   -0.703   -4.114    4.702   -0.182   -0.036   -0.270    0.015 
3166.057    0.301   -0.154   -0.098   -0.037    4.642   -4.426    0.350   -0.604 
3180.869   -1.695    1.427   -0.304    0.226    0.497   -0.571   -4.139    4.405 
3183.020    4.310   -4.014    1.238   -0.926   -0.075   -0.016   -1.597    1.595 
2903.006   -2.302   -2.174    1.936    2.048    2.227    2.277   -2.477   -2.446 
3061.386    2.226    2.167    1.792    1.835    2.791    2.929    2.043    2.070 
3066.286   -2.947   -2.689    1.615    1.738   -0.849   -1.184    3.108    2.790 
3103.082    1.405    1.830    3.467    3.009   -1.988   -2.926   -1.192   -1.060 
3139.697    0.110   -0.360   -0.119    0.142    0.017   -0.070   -4.390    4.644 
3150.548   -4.253    4.306    0.845   -1.142   -1.055    1.194   -0.226    0.302 
3157.582   -1.242    1.227   -0.923    0.107    4.689   -3.950    0.006    0.033 
3178.493   -0.681    1.009   -4.312    4.560   -0.941    0.551   -0.005   -0.146 
2919.095    2.115    2.130   -2.199   -2.312   -2.378   -2.442    2.311    2.134 
3081.919    3.133    3.487    1.002    0.961    2.856    2.790    0.844    1.035 
3083.385   -0.819   -0.641    3.345    3.329   -0.869   -1.568    2.975    2.493 
3118.179   -1.895   -2.428   -2.157   -1.528    2.420    2.191    2.752    2.664 
3164.827    1.139   -0.697   -2.069    1.846    3.818   -3.859    0.700   -1.499 
3171.057   -1.881    1.471    3.344   -3.904    2.191   -1.747    0.940   -1.020 
3179.655   -3.547    3.212   -1.458    1.227    0.788   -0.995   -2.580    2.708 
3182.669    2.445   -2.394    1.537   -1.339    1.071   -1.238   -3.344    3.530 
2911.022   -2.166   -2.070    2.059    2.231    2.468    2.387   -2.282   -2.299 
3067.074    2.300    2.223    1.301    1.530    2.907    2.816    2.309    2.285 
3081.822    2.040    2.031   -2.640   -2.737    1.547    1.950   -2.673   -2.357 
3109.718    2.398    2.844    2.760    2.422   -1.398   -2.196   -2.219   -1.592 
3151.416    0.349   -0.656   -1.417    0.655    4.433   -4.146   -0.812    0.925 
3161.506    0.825   -1.204   -0.176    0.275   -1.045    1.050   -4.140    4.475 
3171.376   -3.598    3.156    2.541   -2.927    1.026   -0.568   -0.875    1.359 
3179.105   -2.837    2.900   -3.573    3.449   -0.690    0.486   -0.340    0.369 
2909.425    2.337    2.378   -2.398   -2.351   -2.109   -2.013    2.129    2.236 
3066.471    0.864    0.931    3.260    3.001    0.676    0.663    2.931    3.234 
3071.859   -3.606   -3.445    0.103   -0.164   -2.426   -2.341    1.287    1.825 
3104.761   -1.422   -1.102   -2.615   -1.817    3.033    3.376    1.871    2.003 
3150.941   -4.152    4.434   -0.366    0.522    0.136   -0.257   -1.598    1.176 
3154.093    0.733   -0.693   -4.113    4.646    0.367   -0.938   -0.718    0.622 
3160.894   -1.405    1.168   -0.816    1.118   -1.171    0.762    4.314   -3.972 
3179.899   -0.297    0.109    0.314   -0.588    4.506   -4.349    1.244   -0.897 
2910.101    2.389    2.395   -2.156   -2.022   -2.022   -2.163    2.400    2.393 
3065.076   -2.708   -2.603    1.827    1.746   -1.665   -1.726    2.691    2.760 
3079.154    2.253    1.799    2.249    2.179    2.519    2.767    2.037    2.301 
3106.708    2.303    1.399    2.569    3.114   -2.695   -2.354   -1.339   -1.823 
3150.277    2.061   -2.429    0.417   -0.854    0.752   -0.349    4.011   -3.674 
3154.123    3.581   -4.007    0.425   -0.954    0.153   -0.263   -2.417    2.342 
3169.470    0.631   -1.133   -2.885    2.273   -3.497    3.755    0.532   -0.252 
3180.826    0.366   -0.575   -3.663    3.653    2.907   -2.537   -0.027    0.126 
2922.007   -2.136   -2.157    2.183    2.168    2.324    2.353   -2.380   -2.352 
3080.351   -0.047   -0.040    2.720    2.779    0.844    1.088    3.609    3.394 
3082.337    2.719    2.725   -1.061   -1.201    3.473    3.486    0.026   -0.116 
3115.825    3.028    2.919    2.528    2.840   -1.500   -1.393   -1.716   -1.586 
3162.771    0.169   -0.233   -0.462    0.288   -2.922    2.764    3.409   -3.675 
3166.586    0.434   -0.377    1.020   -0.801    3.379   -3.500    2.811   -2.859 
3180.673   -0.368    0.489    4.569   -4.360   -1.034    0.824   -0.288    0.210 
3184.527   -4.527    4.578   -0.321    0.389    0.254   -0.282    0.399   -0.469 
2915.677   -2.279   -2.483    2.456    2.249    2.110    2.058   -2.147   -2.202 
3077.598   -0.795   -1.382    3.107    2.400   -1.020   -1.000    3.216    3.338 
3081.714    2.998    3.316    1.277    1.558    2.870    2.853    0.801    0.742 
3115.613   -1.940   -1.898   -2.555   -2.054    2.558    2.802    2.193    2.102 
3161.061    4.007   -3.431    2.159   -2.925    0.187    0.325    0.291   -0.568 
3170.036   -2.510    2.474    3.170   -3.431   -0.750    0.923    1.784   -1.742 
3171.530    0.763   -0.782   -1.628    1.952   -1.054    0.725    4.058   -4.019 
3182.927   -0.307    0.209    0.225   -0.381    4.466   -4.383    1.249   -1.069 
2925.794    2.343    2.297   -2.258   -2.193   -2.193   -2.226    2.246    2.331 
3085.715    2.390    2.089    1.674    1.658    2.694    3.112    2.192    2.081 
3088.284    1.826    1.987   -2.614   -2.590    2.008    1.873   -2.594   -2.590 
3119.559    2.707    2.473    2.384    2.633   -1.750   -2.062   -2.302   -1.778 
3172.008   -1.248    1.537   -0.744    0.921   -2.972    2.522    3.085   -3.445 
3178.565   -3.779    3.786   -1.631    1.779    0.220   -0.005   -1.797    2.088 
3179.169    1.858   -2.173   -2.550    2.225   -2.685    2.692   -2.078    1.923 
3184.560    0.767   -0.874   -3.432    3.428    2.580   -2.387    1.668   -1.483 
2912.626   -2.295   -2.299    2.430    2.532    2.153    2.048   -2.098   -2.103 
3065.581    2.092    2.492    3.346    3.181    0.762    0.545    2.030    2.053 
3077.047   -3.020   -2.901    1.112    1.155   -2.393   -2.296    2.147    2.403 
3110.531   -1.028   -1.112   -1.905   -1.077    3.346    3.096    2.469    2.782 
3145.075    1.822   -1.421   -3.992    4.418   -0.019   -0.595   -0.036   -0.248 
3157.409   -4.149    4.187   -1.722    1.509   -0.040   -0.138   -1.042    0.653 
3174.792   -0.938    0.703   -0.283    0.225   -0.472    0.577    4.610   -4.321 
3182.474    0.206   -0.093   -0.196    0.354   -4.410    4.688   -0.476    0.566 
2915.295   -2.183   -2.168    2.384    2.511    2.337    2.204   -2.087   -2.115 
3068.334    2.105    2.674    3.219    2.863    1.073    0.829    2.132    2.159 
3082.009   -2.406   -2.516    1.873    1.848   -3.079   -2.980    1.450    1.458 
3109.860   -1.545   -2.381   -1.839   -0.657    2.342    2.265    3.140    3.043 
3149.713    1.716   -0.768   -3.923    4.561    0.387   -1.091   -0.494   -0.161 
3170.045    0.656   -0.364   -0.460    0.799   -4.369    4.477    0.784   -0.844 
3171.690    4.581   -4.101    1.583   -1.168    0.298   -0.345   -0.088   -0.081 
3180.068    0.018   -0.073    0.037   -0.033   -0.771    0.885   -4.487    4.539 
2908.554   -2.332   -2.417    2.318    2.144    2.013    2.176   -2.296   -2.253 
3062.510    2.250    2.271   -2.144   -2.115    2.011    2.049   -2.551   -2.648 
3066.716    2.550    3.236    3.456    2.505    1.227    1.379    1.020    1.169 
3101.795   -0.993   -1.070   -1.251   -1.447    3.503    2.900    2.162    3.206 
3144.597    4.561   -3.939   -1.031    1.635    0.064    0.330    0.861   -0.498 
3151.623    0.841   -1.140    3.533   -3.954    1.561   -1.781    1.622   -1.721 
3161.590   -1.248    1.120   -1.700    1.797    1.119   -0.298    4.257   -3.632 
3177.691   -0.104   -0.240    0.968   -1.549   -4.011    4.365    1.574   -1.021 
2924.492   -2.269   -2.300    2.339    2.307    2.170    2.200   -2.258   -2.238 
3080.728    0.444    0.893    3.651    3.252   -0.014   -0.008    2.840    2.934 
3084.579    3.484    3.652    0.259   -0.082    2.668    2.682   -0.860   -1.030 
3114.954   -1.423   -1.541   -1.985   -1.611    3.044    2.931    2.356    2.723 
3165.212   -3.135    2.668    3.110   -3.723    0.255   -0.269   -0.826    0.667 
3171.645    2.639   -2.881    2.740   -2.831    0.652   -0.563    2.421   -2.126 
3178.764    2.278   -2.015    1.015   -0.866    0.500   -0.631   -3.977    3.819 
3184.414    0.443   -0.503    0.641   -0.742   -4.488    4.535   -0.178    0.272 
2899.530   -2.389   -2.647    2.458    2.248    2.133    2.045   -1.901   -1.986 
3056.128    2.657    3.439   -0.013    0.275    3.467    3.109   -0.359   -0.369 
3068.805    1.258    0.677    3.730    3.509   -0.918   -0.522    2.380    2.472 
3100.964   -1.193   -2.422   -0.979   -1.585    2.278    2.064    3.380    3.121 
3135.802    4.636   -3.405    1.641   -1.909    0.463   -0.617   -0.900   -0.358 
3148.072   -1.894    1.901    3.983   -3.894    1.098   -1.350    0.095    0.007 
3156.394    0.111    0.111    1.156   -1.493   -4.072    4.459    0.677   -0.982 
3179.885   -0.363    0.148    0.110   -0.259   -0.669    0.954   -4.441    4.561 
2904.762   -2.081   -2.202    2.491    2.486    2.283    2.279   -2.092   -1.986 
3059.935    0.445    0.276   -3.368   -3.311    1.944    1.956   -2.372   -2.271 
3068.761    3.254    3.726    1.369    1.239    2.612    2.339    0.757    0.701 
3102.012    1.928    1.856    1.123    1.047   -2.681   -1.901   -3.035   -3.450 
3136.386    0.341   -0.189   -4.451    4.563   -0.240    0.291   -0.040    0.085 
3155.182   -1.774    1.586    0.092   -0.217   -3.865    4.234   -0.976    1.383 
3160.171    4.101   -3.865    0.375   -0.295   -1.689    2.135    1.290   -0.725 
3176.071   -1.603    1.200   -0.201    0.009   -0.505    0.819    4.392   -4.213 
2924.806    2.202    2.172   -2.219   -2.259   -2.266   -2.360    2.345    2.257 
3086.687    0.020    0.037    3.320    3.361    0.016   -0.213    3.247    2.974 
3088.720    3.185    3.204   -0.061   -0.114    3.129    3.391    0.051    0.306 
3121.483   -2.316   -2.519   -2.199   -2.088    2.132    2.224    2.505    2.284 
3175.262   -0.043    0.224    1.158   -1.327    3.686   -3.355    2.484   -2.795 
3177.296    1.728   -1.574   -3.892    3.877    1.763   -1.716   -0.482    0.358 
3179.071    0.277   -0.072   -1.336    1.380   -2.336    2.284    3.601   -3.835 
3184.445    4.308   -4.253    1.668   -1.530   -0.506    0.427    0.056   -0.131 
2922.933   -2.143   -2.146    2.291    2.382    2.320    2.279   -2.280   -2.223 
3081.043    0.976    1.241    3.288    3.233    0.723    0.416    2.975    2.880 
3089.369    3.077    3.244   -0.895   -0.919    3.081    3.075   -0.867   -0.712 
3118.375   -1.994   -2.452   -2.218   -1.625    2.429    2.325    2.559    2.531 
3167.516    1.379   -0.913   -4.167    4.444    0.757   -1.140   -0.255   -0.063 
3176.414   -0.514    0.462   -0.500    0.650   -2.422    2.356   -3.722    3.949 
3178.454    0.630   -0.472   -0.626    0.854   -3.744    3.842    2.443   -2.371 
3184.111    4.526   -4.229    1.333   -1.034   -0.044    0.027   -0.716    0.698 
2924.818    2.289    2.287   -2.186   -2.174   -2.240   -2.316    2.319    2.271 
3070.279   -3.688   -2.415    1.168    1.153   -1.502   -1.641    2.023    3.149 
3089.742    1.822    1.987    2.292    2.290    2.322    2.326    2.448    2.701 
3113.170   -1.940   -0.668   -3.051   -3.085    2.701    2.807    0.477    1.806 
3161.121   -2.363    4.074    0.276    0.396   -0.826    0.085   -3.784    2.072 
3177.308   -1.994    2.154    0.892   -0.909    3.661   -3.508    1.643   -1.840 
3178.817   -2.359    2.234   -0.100    0.069   -2.681    2.748    2.996   -2.797 
3185.413    0.339   -0.323    4.519   -4.494   -0.807    0.742   -0.326    0.334 
2912.466    2.033    2.033   -2.015   -2.013   -2.428   -2.495    2.481    2.421 
3070.701    1.522    1.510    0.955    0.954    3.149    3.185    2.712    2.721 
3076.747    2.400    2.384   -2.582   -2.588    1.583    1.745   -2.447   -2.280 
3115.605    2.993    2.903    3.006    3.067   -1.267   -1.227   -1.195   -1.219 
3149.129    0.193   -0.090    0.148   -0.205    4.213   -4.056    1.788   -1.945 
3151.006    0.109   -0.105   -0.023   -0.044   -1.849    1.905    4.113   -4.170 
3182.762   -4.390    4.473    1.234   -1.172    0.034   -0.046    0.112   -0.144 
3185.393    1.203   -1.190    4.449   -4.417   -0.186    0.159   -0.118    0.120 
2918.038   -2.279   -2.228    2.112    2.165    2.430    2.357   -2.203   -2.253 
3063.872   -2.371   -2.337    0.683    1.505   -4.010   -3.251   -0.614   -0.388 
3078.724    0.537    0.540    2.947    3.672   -0.219    0.902    3.128    2.841 
3103.742   -3.022   -3.221   -1.484   -2.136    1.248    0.787    2.798    2.279 
3147.021   -0.024   -0.029   -1.766    0.342   -3.816    4.610    0.745   -1.297 
3167.790   -3.902    3.922    2.014   -1.701   -0.350   -0.028    1.412   -1.458 
3172.810    2.004   -1.726    1.072   -0.592    0.405   -1.016    3.800   -4.223 
3177.323    1.459   -1.461    4.217   -3.599   -1.539    1.166   -1.303    1.260 
2923.905   -2.207   -2.172    2.269    2.295    2.210    2.248   -2.349   -2.324 
3081.054    0.359    0.410    3.310    3.271    0.322    0.254    3.172    3.071 
3090.684    3.215    3.259   -0.293   -0.412    3.140    3.252   -0.412   -0.230 
3118.385   -2.193   -2.452   -2.236   -2.026    2.333    2.378    2.399    2.242 
3170.921    0.821   -0.785   -3.059    3.167   -0.257    0.171   -3.219    3.280 
3172.424   -0.914    0.602    3.102   -3.207    0.176   -0.173   -3.120    3.321 
3180.913    1.516   -1.442    0.102   -0.102    4.391   -4.298   -0.065   -0.027 
3183.674    4.243   -4.165    1.218   -1.058   -1.509    1.403    0.009   -0.088 
2927.707    2.265    2.278   -2.217   -2.210   -2.251   -2.323    2.307    2.250 
3083.700    3.573    3.626    0.262   -0.085    2.593    2.749   -0.719   -0.921 
3087.740    0.071    0.735    3.529    3.093    0.335    0.223    3.010    3.160 
3116.632   -1.460   -1.576   -2.468   -1.894    2.854    2.925    2.037    2.574 
3168.061   -3.977    3.816    1.172   -1.808   -0.320    0.251   -2.046    1.563 
3178.214    0.880   -0.361   -2.131    2.664   -2.593    2.252   -3.063    2.892 
3181.449   -0.707    0.364    0.651   -0.821   -3.810    3.824    2.506   -2.244 
3184.927   -2.134    2.327   -3.444    3.597    0.753   -0.715    1.727   -1.840 
2924.614   -2.287   -2.379    2.323    2.240    2.225    2.254   -2.198   -2.173 
3083.600    2.870    3.044   -1.248   -1.092    2.984    2.993   -1.340   -1.334 
3090.775    1.454    1.379    3.131    3.071    1.089    1.091    2.852    2.849 
3120.428   -2.199   -2.052   -2.068   -2.211    2.454    2.301    2.414    2.552 
3171.800    4.213   -4.070    1.462   -1.681    0.936   -0.828    0.716   -0.739 
3177.074    1.654   -1.799   -2.930    2.822   -3.065    3.177    0.243   -0.082 
3180.199    0.526   -0.612   -3.147    3.232    3.236   -3.244   -0.243    0.255 
3184.427   -0.752    0.649   -0.330    0.318    0.183   -0.111    4.557   -4.497 
2917.424    2.218    2.210   -2.374   -2.297   -2.095   -2.104    2.326    2.394 
3069.615    0.219   -0.058    3.106    3.056    0.205    0.558    3.396    3.220 
3087.380    2.762    2.753   -0.581   -0.548    3.485    3.706    0.141   -0.075 
3111.330    2.920    2.817    2.131    2.465   -1.629   -1.941   -2.373   -1.581 
3157.811    0.189   -0.590    0.229   -0.492    1.349   -0.741   -4.125    4.634 
3161.793    0.557   -0.247    4.518   -4.413    0.542   -0.712    0.459   -0.612 
3179.975   -4.398    4.476    0.688   -0.482   -0.862    0.830   -0.488    0.618 
3180.536   -1.013    1.016   -0.537    0.700    4.452   -4.212    1.087   -0.725 
2917.350   -2.081   -2.108    2.222    2.440    2.412    2.300   -2.285   -2.156 
3077.552    0.213    0.638    2.997    3.323    0.619   -0.144    3.218    3.199 
3082.758    3.616    3.566   -0.234   -0.033    2.855    2.642   -0.524   -0.607 
3115.023    1.858    1.738    2.534    1.979   -2.838   -2.582   -1.881   -2.575 
3161.563    1.570   -1.666   -3.404    3.082    2.018   -2.496    1.395   -1.732 
3169.411    1.121   -1.550    2.467   -2.602    0.636    0.058    3.773   -3.269 
3175.499    2.504   -2.435   -0.983    1.473   -3.525    3.735    0.531    0.090 
3181.796    3.295   -3.170    1.605   -1.422    1.482   -1.619   -2.404    2.462 
2924.326    2.294    2.269   -2.231   -2.260   -2.226   -2.186    2.286    2.329 
3076.141    1.294    1.293    2.133    2.153    1.938    2.648    3.341    2.630 
3087.886   -2.914   -2.841    1.594    1.543   -2.413   -2.501    1.916    2.134 
3112.409    2.349    2.368    3.026    2.849   -1.533   -2.536   -1.893   -0.934 
3163.647   -0.214   -0.057   -0.576    0.101    2.748   -1.467   -3.451    4.441 
3174.414   -4.183    4.220    1.669   -1.741   -0.525    0.581   -0.378    0.334 
3179.550   -1.653    1.764   -4.180    4.303   -0.356    0.137    0.178   -0.295 
3181.603   -0.708    0.586    0.059   -0.236    4.135   -3.817    2.372   -1.986 
2920.424   -2.272   -2.522    2.490    2.215    2.134    2.118   -2.106   -2.149 
3082.933   -1.953   -2.834    2.199    1.341   -2.678   -2.686    2.095    2.087 
3089.523    2.174    1.964    2.735    2.561    1.871    1.859    2.428    2.523 
3123.691   -2.120   -2.246   -2.268   -2.129    2.331    2.405    2.433    2.366 
3166.744    3.967   -3.174    2.305   -3.206    0.432    0.007   -0.321   -0.236 
3179.437   -2.677    2.730    3.447   -3.627   -0.445    0.585    1.014   -0.952 
3182.202    0.801   -0.691   -0.599    0.679   -3.848    3.802    2.320   -2.371 
3185.217   -0.312    0.252    0.456   -0.516   -2.471    2.492   -3.854    3.799 
2918.695   -2.167   -2.130    2.238    2.219    2.141    2.324   -2.468   -2.337 
3075.433   -0.377   -0.289    3.473    3.315   -0.332   -0.624    3.123    2.814 
3087.463    3.311    3.440    0.686    0.359    2.849    3.154    0.020    0.544 
3115.715   -1.965   -2.321   -2.104   -1.819    2.606    2.480    2.367    2.492 
3163.268    0.271   -0.458   -1.417    1.693   -1.692    1.132   -3.890    4.151 
3167.607    1.367   -0.867   -3.937    4.213   -0.020    0.245    1.644   -1.779 
3179.317    3.262   -3.031    0.450   -0.277    3.168   -3.167   -1.130    0.815 
3181.732    3.106   -3.133    1.343   -1.256   -3.074    2.903    0.901   -0.787 
2922.391    2.360    2.342   -2.353   -2.382   -2.172   -2.147    2.135    2.162 
3080.731    2.253    2.311    3.124    3.194    1.057    1.132    2.083    2.108 
3083.865   -2.524   -2.555    1.548    1.819   -3.041   -2.786    1.739    1.747 
3116.284   -1.771   -1.953   -1.351   -1.585    2.649    2.419    3.014    2.925 
3163.188   -1.806    1.724    4.283   -4.066    0.383   -0.656    0.082   -0.066 
3168.431    4.250   -4.159    1.809   -1.594    0.453   -0.650   -0.029   -0.090 
3180.477    0.295   -0.268    0.523   -0.661   -3.965    4.162    2.018   -2.041 
3185.287    0.108   -0.165    0.331   -0.431   -1.906    2.072   -4.112    4.132 
2912.426    2.226    2.272   -2.304   -2.261   -2.072   -2.039    2.388    2.417 
3062.880   -0.130   -0.195    2.886    2.755    0.609    0.902    3.604    3.308 
3081.800    3.359    3.479    0.031    0.199    2.843    3.056   -0.390   -0.784 
3105.403   -1.964   -1.963   -2.839   -2.583    2.326    2.971    1.916    1.062 
3146.946   -0.270    0.147   -0.425    0.107    1.175   -0.253   -4.173    4.703 
3162.227   -0.187    0.141   -4.405    4.692   -0.135   -0.143    0.255   -0.267 
3167.149    4.610   -4.497   -0.219    0.137    0.359   -0.254   -0.142    0.149 
3180.614   -0.328    0.226   -0.031   -0.136    4.720   -4.292    0.957   -0.582 
2917.291    2.205    2.222   -2.087   -2.087   -2.294   -2.547    2.402    2.148 
3070.370    2.963    3.260   -0.729   -1.319    2.953    3.140   -0.933   -0.398 
3083.279    1.050    1.694    3.775    3.520    0.321    0.317    2.484    2.142 
3110.175   -1.647   -2.301   -1.322   -1.391    2.808    1.744    3.248    2.904 
3155.133    0.532   -0.760   -1.685    1.464   -3.872    4.164   -0.664    1.680 
3164.602    4.510   -3.526   -1.315    2.007    1.096   -1.010    0.462   -0.887 
3179.261   -1.777    2.020   -3.544    3.245    0.597   -0.042    2.238   -2.523 
3180.360    0.664   -0.717    1.914   -2.138   -1.686    1.833    3.538   -3.775 
2917.016   -2.229   -2.196    2.099    2.189    2.445    2.366   -2.227   -2.267 
3069.110    3.493    2.959   -0.043    0.059    3.079    3.232    0.593   -0.124 
3074.967   -1.396   -0.620    1.992    2.116    0.692    0.916    3.557    4.063 
3107.374    2.304    1.648    3.449    3.469   -1.703   -2.317   -0.652   -0.988 
3152.243    0.866   -1.443    0.345   -0.081   -3.687    3.237    2.785   -2.568 
3160.101    2.239   -3.310   -0.617    0.250    2.749   -2.641    2.737   -1.787 
3171.297    3.263   -3.386   -0.596    0.619   -1.074    1.204   -2.790    2.938 
3182.389    0.615   -0.703    4.566   -4.484    0.375   -0.177   -0.212    0.374 
2924.114    2.228    2.313   -2.331   -2.235   -2.175   -2.216    2.305    2.275 
3072.375    2.622    1.829   -2.047   -1.895    1.024    0.908   -2.847   -3.639 
3085.969    2.654    2.461    1.480    1.508    2.717    3.194    2.121    1.436 
3110.214   -2.427   -1.294   -3.042   -3.070    2.334    2.644    0.837    1.493 
3158.285    1.559   -3.011    0.130   -0.692   -0.759    0.612    4.168   -3.356 
3173.670    2.020   -2.023    3.016   -3.232    2.604   -2.161   -0.953    1.370 
3179.143   -2.794    3.195    3.161   -2.965   -0.920    0.558    1.152   -1.686 
3181.710   -1.523    1.417   -1.248    1.355    3.892   -3.660    1.809   -1.609 
2911.748    2.151    2.173   -2.089   -2.274   -2.468   -2.468    2.268    2.066 
3070.447    3.440    3.462   -0.285   -0.071    2.938    2.944   -0.329   -0.104 
3082.868    0.115    0.365    3.018    3.406    0.695   -0.403    3.334    2.996 
3113.831    2.029    1.960    2.432    2.233   -2.465   -2.287   -2.240   -2.550 
3154.212   -0.968    0.967    1.397   -0.613   -4.087    4.168   -0.718    1.619 
3164.884   -4.297    4.304    0.320   -0.584    1.221   -1.330   -0.897    0.476 
3174.838    0.043   -0.093    3.854   -3.818    0.508    0.056    2.519   -2.438 
3179.780    1.229   -1.147    2.339   -2.124    1.212   -1.396   -3.545    3.650 
2911.673   -2.068   -2.149    2.390    2.487    2.324    2.238   -2.191   -2.118 
3069.588   -0.374   -0.357    3.121    3.416   -1.007   -1.200    2.948    2.910 
3080.366    3.146    3.230    0.382    0.832    3.302    2.833    0.862    0.855 
3109.712    2.562    2.309    1.655    2.018   -2.403   -1.927   -2.385   -2.773 
3151.994    0.445   -0.004    4.757   -4.264   -0.265    0.451    0.234   -0.156 
3165.249    1.013   -1.149    0.094   -0.238    3.653   -3.979    2.120   -2.371 
3169.968    1.611   -1.849   -0.512    0.342   -2.195    2.724    3.627   -3.178 
3177.533    4.132   -4.058   -0.148    0.081    0.061   -0.060   -1.995    2.118 
2897.470   -2.009   -1.892    2.280    2.481    2.417    2.277   -2.215   -2.275 
3049.435    1.223    1.198    2.700    2.890    1.223    1.027    3.174    3.089 
3069.144    2.044    1.890   -2.177   -1.942    3.363    3.679   -0.185   -0.194 
3097.927    3.149    3.593    1.955    1.151   -0.703   -1.342   -2.760   -1.858 
3134.055    0.680   -0.527   -3.783    3.585    2.164   -2.437   -1.152    1.006 
3145.781   -0.354   -0.596    1.966   -2.474    2.288   -1.681   -2.998    3.706 
3149.747   -0.496    0.505    1.013   -1.385    3.445   -3.250    2.796   -2.758 
3177.342    4.614   -4.399    0.751   -0.454   -0.033   -0.092    0.376   -0.695 
2911.064    2.164    2.066   -2.031   -2.168   -2.381   -2.443    2.382    2.318 
3070.536    2.878    2.660    1.040    1.156    2.948    3.100    1.613    1.619 
3073.105    2.368    1.713   -2.296   -2.420    0.431    0.941   -3.100   -3.309 
3106.822    2.187    1.894    3.219    2.910   -1.758   -2.663   -1.112   -1.698 
3152.549   -0.939    1.487    0.768   -0.226   -2.218    1.701   -4.023    3.690 
3156.352   -0.021   -0.113    1.108   -0.500   -4.135    3.733    2.233   -1.995 
3167.119   -3.860    4.250    1.406   -1.774    0.991   -0.643    0.916   -1.202 
3179.994   -1.469    1.885   -4.145    4.235   -0.851    0.507    0.228   -0.498 
2918.300   -2.114   -2.096    2.222    2.293    2.315    2.282   -2.359   -2.349 
3075.508    0.340    0.332    2.896    3.038    0.893    0.744    3.366    3.307 
3086.084    2.937    2.923   -1.017   -0.934    3.347    3.368   -0.287   -0.220 
3115.305    2.747    2.815    2.434    2.395   -1.786   -1.931   -2.027   -1.895 
3162.579   -0.087   -0.038   -0.455    0.401    0.497   -0.499   -4.465    4.568 
3169.312    0.441   -0.478   -2.914    2.702    3.480   -3.555    0.603   -0.697 
3171.745   -0.306    0.263    3.523   -3.578    2.944   -2.807    0.005    0.041 
3184.753    4.576   -4.552    0.537   -0.472   -0.179    0.165   -0.106    0.072 
2922.347    2.237    2.161   -2.202   -2.250   -2.278   -2.245    2.309    2.380 
3070.230    1.245    1.140    1.732    1.759    2.114    3.030    3.460    2.566 
3083.536   -1.963   -1.938    2.359    2.826   -2.871   -2.632    1.527    1.721 
3109.933    3.253    3.279    2.289    2.571   -0.663   -1.285   -2.261   -1.119 
3155.776   -0.034   -0.583    0.483   -0.573    3.545   -2.517   -2.524    3.916 
3170.566   -0.722    0.879    3.312   -2.737    1.977   -2.457    2.476   -2.460 
3176.477    1.058   -0.987   -3.192    3.101    2.550   -2.461    1.982   -1.903 
3182.802   -4.387    4.404   -1.335    1.171    0.471   -0.254   -0.084    0.315 
2907.312    2.134    2.406   -2.565   -2.401   -2.173   -2.003    2.077    2.142 
3068.181    0.058   -0.446    3.243    2.653   -0.300   -0.445    3.295    3.513 
3078.208    2.988    3.567    0.005    1.149    3.207    2.856    0.166    0.020 
3111.834   -2.211   -2.010   -2.588   -1.885    2.497    2.663    2.083    2.185 
3149.686   -2.012    1.180   -3.650    4.450    0.153   -1.421   -0.568    0.610 
3165.022    0.912   -1.054   -1.022    1.160   -0.732    0.469    4.383   -4.175 
3167.743    4.204   -3.936   -1.447    1.039    1.265   -1.243   -1.151    0.983 
3179.304    0.857   -0.656   -0.795    1.174   -4.263    4.318   -1.087    0.960 
2911.123   -2.263   -2.368    2.167    2.042    2.177    2.315   -2.378   -2.266 
3064.190   -2.976   -2.917    1.498    1.458   -2.431   -2.575    1.796    1.903 
3073.522    0.843    0.879    1.928    1.828    2.151    2.747    3.447    2.947 
3103.460   -2.731   -2.018   -3.009   -3.465    1.816    1.703    1.098    1.215 
3150.312    2.264   -2.699    0.152   -0.633   -0.378    0.241    3.678   -3.843 
3155.718    1.779   -1.584    1.416   -1.197    4.128   -3.689   -0.716    1.094 
3161.571    3.239   -3.428   -0.224   -0.234   -1.948    2.025   -2.229    2.526 
3178.614   -0.561    0.891    4.468   -4.268   -1.367    0.939   -0.186   -0.059 
2916.615   -2.193   -2.219    2.416    2.415    2.235    2.183   -2.155   -2.202 
3070.253    0.036    0.156   -3.223   -3.724    1.733    1.169   -2.496   -2.522 
3080.045    2.780    2.870    0.761    0.494    3.493    3.117    1.199    1.191 
3109.701    2.647    2.958    1.066    1.763   -1.807   -1.363   -2.975   -2.765 
3152.054    0.107    0.154    4.704   -3.992    0.818   -1.609   -0.166   -0.069 
3168.148   -0.564    0.611    1.003   -1.279   -3.742    4.120    1.917   -1.957 
3175.251    2.081   -2.070    0.422   -0.620   -1.756    2.054   -3.589    3.548 
3176.201   -4.198    3.881    0.054   -0.119   -0.350    0.473   -1.991    2.243 
2911.833    2.175    2.237   -2.444   -2.372   -2.145   -2.058    2.230    2.314 
3064.754    0.728    0.508    3.183    2.960    0.507    0.676    3.292    3.150 
3083.625    2.710    3.117   -0.928   -0.514    3.379    3.401   -0.406   -0.562 
3107.216    2.388    2.843    2.299    2.006   -1.834   -2.328   -2.578   -1.720 
3152.887   -0.155   -0.071   -4.256    4.587    0.312   -0.549   -0.863    1.031 
3157.224    0.594   -0.935    0.786   -1.206    1.570   -0.861   -3.943    4.411 
3174.418    4.804   -4.189   -0.201    0.228   -0.016   -0.065    0.519   -0.989 
3177.030   -0.268    0.169    0.107   -0.210    4.420   -4.355    1.435   -1.140 
2910.714   -2.485   -2.480    2.238    2.237    2.142    2.098   -2.112   -2.166 
3064.081    3.682    3.409    0.788    0.827    2.613    2.569   -0.595   -0.914 
3075.867   -0.163    0.122    3.157    3.038    0.054    0.053    3.150    3.506 
3105.274   -1.462   -1.009   -2.460   -2.164    2.988    3.169    1.929    2.220 
3141.959   -4.288    4.680    0.247   -0.176   -0.115   -0.029   -0.806    0.269 
3165.046    0.050    0.089   -4.126    4.314    0.835   -1.027   -1.557    1.378 
3168.015   -0.599    0.428   -1.641    1.804   -2.065    1.915    3.841   -3.555 
3173.991   -0.394    0.214    0.074   -0.185    4.043   -3.987    2.326   -2.012 
2918.418    2.336    2.188   -2.072   -2.078   -2.146   -2.359    2.448    2.378 
3082.670    3.387    3.150   -0.738   -0.753    2.577    3.188   -1.414   -0.551 
3086.022    0.839    0.518    3.182    3.133    1.220    0.951    3.006    3.067 
3122.356    2.020    2.150    2.523    2.386   -2.369   -2.530   -2.099   -2.178 
3165.256    1.343   -2.015   -0.253    0.438   -1.969    1.102   -3.829    3.978 
3173.819    4.019   -4.013   -0.550    0.386    1.972   -1.792    0.769   -1.257 
3180.574    1.202   -1.171   -0.664    0.851   -3.942    3.717    2.181   -2.020 
3185.520   -0.682    0.818   -4.456    4.536    0.582   -0.554   -0.169    0.149 
2910.026    2.187    2.041   -2.132   -2.231   -2.278   -2.241    2.376    2.475 
3061.650   -0.314   -0.377    3.004    4.072   -1.459   -0.578    2.516    2.514 
3068.456    2.109    1.888    0.489   -0.246    3.999    3.273    1.655    1.827 
3102.408    3.407    3.539    1.284    1.932   -1.126   -0.418   -2.605   -1.936 
3148.849   -0.107    0.475   -1.920    1.064   -2.236    3.146    3.248   -3.288 
3150.958    0.547   -1.097   -3.092    1.841   -1.620    2.643   -2.848    3.033 
3163.544    0.896   -0.686   -3.411    3.217    2.912   -2.869    0.856   -0.975 
3178.923    4.434   -4.422    1.096   -0.805   -0.435    0.182    0.453   -0.771 
2908.872    2.590    2.435   -2.333   -2.217   -2.000   -1.986    2.030    2.307 
3070.460    2.981    2.108    2.812    2.742    1.896    1.868    1.251    1.960 
3080.109   -1.837   -2.392    2.299    1.856   -2.397   -2.413    2.391    2.546 
3116.263   -1.469   -2.056   -1.879   -1.726    2.689    2.778    2.479    2.791 
3149.234   -4.209    4.389   -0.443    1.053    0.036    0.330    1.654   -0.419 
3161.784    0.532   -0.781   -4.339    4.625   -0.146   -0.182   -0.546    0.435 
3177.918    1.324   -0.979   -0.229    0.377   -1.345    1.480    4.378   -4.002 
3182.635    0.268   -0.185   -0.107    0.101    4.419   -4.315    1.499   -1.289 
2912.935    2.234    2.324   -2.388   -2.401   -2.252   -2.230    2.112    2.043 
3070.984    3.256    3.760    1.722    1.499    2.416    2.224    0.534    0.494 
3072.998    0.762    0.554   -3.308   -3.178    1.825    1.853   -2.537   -2.494 
3108.991   -1.525   -1.638   -1.391   -1.099    2.877    2.339    2.992    3.283 
3151.335    1.893   -1.466   -4.036    4.392   -0.099    0.027    0.116   -0.143 
3158.794    4.270   -3.964    1.761   -1.571    0.637   -0.556    0.877   -0.733 
3167.937    0.620   -0.609    0.289   -0.298   -4.279    4.693   -0.255    0.674 
3181.001   -0.851    0.606   -0.221    0.085   -0.447    0.692    4.570   -4.408 
2908.034   -2.023   -2.144    2.107    1.990    2.324    2.469   -2.491   -2.364 
3060.475    2.661    2.372   -2.320   -2.267    1.480    1.463   -2.408   -2.766 
3068.461    1.266    1.472    0.695    0.561    3.243    3.443    2.696    2.627 
3104.382    3.237    2.294    3.019    3.495   -1.396   -0.823   -0.111   -1.350 
3140.562    0.540   -1.568    0.176   -0.755    1.482   -1.227    4.312   -3.927 
3146.094   -0.270   -0.463   -1.046    0.269   -4.230    4.257    1.463   -1.281 
3170.860    3.823   -4.007    1.862   -2.168   -0.541    0.550   -0.903    1.254 
3179.303   -1.802    2.300    4.214   -3.842   -0.783    0.431    0.160   -0.490 
2907.641   -2.338   -2.474    2.380    2.270    2.242    2.124   -1.993   -2.109 
3064.417    2.771    3.248    0.254    0.372    3.518    3.173    0.362    0.341 
3073.890    0.595    0.096    3.593    3.457   -1.117   -0.662    2.641    2.729 
3104.303   -1.775   -2.792   -1.426   -1.741    1.932    1.909    3.208    2.784 
3150.576    3.778   -3.013    2.338   -2.359    1.569   -1.760   -1.084    0.423 
3156.052   -3.048    2.657    3.267   -3.150    1.376   -1.560    0.450    0.047 
3158.460   -0.748    0.317   -2.064    2.310    3.675   -3.937   -0.767    1.289 
3179.109   -0.756    0.404    0.159   -0.369   -0.925    1.315   -4.293    4.492 
2914.051   -2.100   -2.065    2.086    2.292    2.492    2.400   -2.307   -2.231 
3075.133    2.315    2.276    1.289    1.771    2.962    2.486    2.361    2.357 
3083.218    2.117    2.116   -2.545   -2.689    1.581    2.103   -2.636   -2.266 
3116.777    2.507    2.666    2.561    2.571   -1.697   -2.144   -2.083   -1.844 
3157.128   -0.150    0.345    1.601   -0.733   -4.330    4.370   -0.214    0.605 
3167.586    0.105   -0.399   -0.540    0.497    0.205   -0.348   -4.365    4.677 
3177.348   -2.796    2.743    3.456   -3.419    1.297   -0.968   -0.381    0.578 
3181.299    3.671   -3.610    2.845   -2.628    0.637   -0.465   -0.070    0.084 
2920.237   -2.198   -2.184    2.106    2.119    2.328    2.370   -2.380   -2.351 
3078.888   -3.285   -2.910    1.480    1.480   -2.344   -2.481    1.643    1.886 
3081.878    1.010    1.141    2.145    2.155    2.267    2.244    3.079    3.221 
3114.696    2.473    2.035    3.116    3.077   -1.995   -2.103   -1.114   -1.635 
3162.041    1.034   -1.573   -0.058   -0.170    0.553   -0.329    4.552   -4.116 
3166.819    0.163   -0.117    0.067   -0.159    4.599   -4.478   -0.552    0.461 
3175.654   -4.170    4.495    0.709   -0.671    0.256   -0.256    1.151   -1.416 
3185.587   -0.604    0.674   -4.535    4.551    0.144   -0.169    0.212   -0.262 
2922.572    2.243    2.201   -2.184   -2.202   -2.251   -2.242    2.354    2.388 
3073.795    1.074    1.007    1.980    1.996    2.011    2.760    3.479    2.733 
3087.003   -2.725   -2.711    1.863    1.860   -2.545   -2.719    1.702    1.820 
3113.357    2.697    2.721    2.955    2.886   -1.182   -2.062   -1.891   -0.855 
3159.363   -0.036   -0.440   -0.375   -0.107    2.627   -1.433   -3.451    4.517 
3175.295    0.274   -0.317    0.340   -0.454    4.207   -3.858    2.259   -1.952 
3178.553   -3.643    3.616    2.768   -2.824    0.154   -0.038   -0.147    0.276 
3181.721   -2.759    2.811   -3.616    3.616    0.456   -0.432    0.244   -0.176 
2906.831   -2.134   -2.248    2.418    2.517    2.228    2.143   -2.170   -2.071 
3064.717   -0.617   -0.620    2.916    3.283   -1.182   -1.368    3.003    2.971 
3075.618    3.492    3.461    0.842    1.599    2.814    2.346    0.564    0.481 
3106.326    2.060    1.494    1.479    1.987   -3.070   -2.378   -2.327   -2.894 
3145.877    1.178   -0.545    4.745   -4.085   -0.057    0.245    0.405   -0.301 
3160.489   -3.080    3.562    1.038   -0.540   -1.400    1.198   -2.847    2.563 
3168.934   -2.754    2.762    0.538   -0.403    2.662   -3.093    1.924   -2.400 
3172.719   -1.265    1.082   -0.141    0.100   -2.934    3.616    3.178   -2.715 
2917.989    2.212    2.229   -2.279   -2.264   -2.103   -2.124    2.406    2.407 
3067.987   -0.965   -0.452    3.057    2.842   -0.055   -0.080    3.146    3.573 
3081.381    3.709    3.764    1.501    1.059    2.220    2.243   -0.069   -0.493 
3108.788    1.066    1.029    2.455    2.018   -3.379   -3.373   -1.460   -2.105 
3152.996    1.413   -1.929   -0.474    0.506    0.112    0.140    4.545   -3.813 
3162.207    2.296   -1.770   -3.549    4.183   -0.207    0.063   -1.261    1.238 
3171.568    3.667   -3.765    2.363   -2.302    0.437   -0.423   -1.121    1.322 
3184.900   -0.265    0.302   -0.327    0.345    4.581   -4.567    0.063   -0.118 
2919.716   -2.119   -2.169    2.203    2.154    2.300    2.360   -2.398   -2.333 
3076.219   -1.417   -1.412    2.855    3.007   -1.079   -0.770    3.129    2.955 
3079.122    2.163    2.197    0.371    0.213    3.443    3.658    1.984    1.616 
3112.377    3.188    2.961    2.430    2.953   -1.413   -1.146   -1.588   -1.527 
3158.811    0.191   -0.429   -0.808    0.423   -2.970    2.790    3.281   -3.627 
3162.457    0.658   -0.566    1.412   -1.069    3.154   -3.345    2.832   -2.932 
3177.912    0.691   -0.495    4.416   -4.193   -1.538    1.221   -0.489    0.377 
3182.534   -4.430    4.570    0.801   -0.585   -0.013   -0.131    0.484   -0.670 
2923.258   -2.158   -2.187    2.287    2.364    2.297    2.232   -2.282   -2.262 
3079.882   -0.883   -0.603    2.817    2.997   -0.235   -0.320    3.300    3.529 
3088.009    3.352    3.140    0.372    0.630    3.190    3.056    0.708    0.371 
3115.706   -2.492   -1.918   -2.472   -2.653    2.375    2.445    1.634    2.098 
3168.007    1.234   -1.841    0.748   -0.867   -0.614    0.697    4.393   -3.928 
3172.959   -0.331    0.698    4.565   -4.197   -0.844    0.961   -0.814    0.758 
3177.867   -0.962    1.116   -0.980    1.102   -4.327    4.357   -0.143    0.034 
3183.093   -4.042    4.263    0.055    0.030    0.893   -1.025    1.550   -1.849 
2913.807   -2.207   -2.181    2.034    2.052    2.271    2.406   -2.469   -2.354 
3068.104   -3.473   -2.745    1.460    1.464   -1.505   -1.861    2.206    2.588 
3077.932    1.496    1.633    1.860    1.875    2.669    2.709    2.654    2.848 
3109.869   -2.200   -1.468   -3.342   -3.278    2.016    2.415    0.520    1.603 
3150.303    1.171   -2.129   -0.329   -0.321    1.347   -0.644    4.394   -3.701 
3163.809   -0.706    1.004    0.005   -0.198    4.568   -4.261   -0.913    0.543 
3167.045   -3.900    4.332    0.454   -0.427   -0.509    0.530    1.660   -2.029 
3184.733   -0.373    0.459   -4.559    4.588    0.025   -0.068    0.132   -0.193 
2921.409   -2.244   -2.220    2.157    2.272    2.429    2.320   -2.196   -2.215 
3077.840    3.118    2.984    0.516    0.729    3.228    3.120    1.089    0.871 
3086.965   -1.276   -1.024    2.681    2.843   -0.457   -0.522    3.343    3.486 
3115.138    2.379    2.119    2.798    2.810   -1.953   -2.362   -1.783   -1.814 
3164.503   -0.031   -0.118   -0.927    0.525    4.355   -4.283   -1.220    1.328 
3171.098   -3.766    4.156    0.658   -0.594   -0.435    0.525   -2.275    2.006 
3177.627    2.131   -2.058   -0.720    0.763   -1.214    1.316   -3.811    3.799 
3182.315    0.911   -0.930    4.500   -4.351    0.695   -0.465   -0.461    0.625 
