  Ax   Bx   By   Cy   Cx   Dx   Dy   Ay   AQ   AL   BQ   BL   CQ   CL   DQ   DL
  3.   3.   0.   0.   3.    3.   0.   0.   0.  23.  23.  28.   0.  30.  34.   0. 
 16.  16.  19.  19.   0.    0.  11.  11.   0.  14.   8.   0.   0.   0.   0.   0. 
  8.   9.   1.   1.   7.    8.   0.   0.  17.   3.  41.   0.   0.  11.   3.   0. 
  0.   0.  14.  15.  28.   28.  13.  14.  12.   0.   0.  12.  12.   0.   0.  12. 
  5.   5.   0.   0.   5.    5.   0.   0.  10.   0.   0.  28.  48.   0.   4.  10. 
  6.   6.   0.   0.   6.    6.   0.   0.  11.   0.  42.  11.  11.   2.   0.  17. 
  9.   9.   0.   0.   0.    1.   8.   9.  15.  27.  34.   0.   0.  27.  27.  28. 
  0.   0.  19.  19.  15.   16.  14.  14.   2.   0.   0.   2.   2.  16.   3.   2. 
  0.   0.   0.   0.   0.    0.   0.   0.  33.   0.   0.  31.   0.  21.  14.   0. 
  0.   0.   0.   0.   0.    0.   0.   0.   5.   0.  13.   5.   5.   0.   0.   5. 
  0.   0.   0.   0.   6.    6.   6.   6.   0.  14.   0.   0.  38.   0.   0.  21. 
  4.   4.  10.  11.  32.   33.  18.  18.   0.   0.   0.   0.   0.  17.   4.   0. 
  0.   0.  17.  18.  17.   18.   0.   0.   0.   4.   4.  21.   0.   4.  36.   0. 
 24.  24.  28.  29.   4.    5.   0.   0.   0.   9.  25.   0.   0.  20.   9.   0. 
 17.  17.   0.   0.  13.   13.   4.   4.  14.   0.  20.   0.   0.   0.   0.   0. 
  0.   0.  14.  15.   0.    0.  14.  15.   0.   0.   2.   0.   0.  38.   0.  27. 
 38.  38.  10.  10.  17.   17.  11.  11.  28.  18.  38.   0.   0.  18.  18.   0. 
  0.   0.  27.  27.  27.   27.   0.   0.   0.  16.  34.   0.  37.  16.  16.  18. 
 18.  18.   0.   0.   8.    8.  25.  26.  22.   0.   0.   0.   0.   0.   0.  20. 
  0.   0.   0.   0.   0.    0.   0.   0.   0.  12.  12.  17.  25.  12.  14.   0. 
 41.  41.  31.  31.  10.   10.   0.   0.   4.   0.   0.  16.   0.   8.   0.   0. 
  8.   8.  23.  23.   0.    0.  15.  15.   0.   0.   0.   0.   0.   0.   0.   0. 
  0.   0.   0.   0.   0.    0.   0.   0.   4.   0.   0.  21.   4.  32.   0.   4. 
  0.   0.   8.   9.   7.    7.  15.  16.  12.   0.   0.   7.   7.   3.  14.   7. 
  5.   5.   0.   0.   5.    5.   0.   0.  20.   0.   0.   8.   4.  12.  10.   4. 
  3.   4.  13.  13.   0.    0.  13.  13.   0.  24.   5.  35.   0.   5.   5.   0. 
  0.   0.   4.   4.   0.    0.   4.   4.  10.   0.   0.  10.  10.  25.   0.  10. 
 29.  30.   0.   0.  12.   12.  28.  29.  16.   0.   0.  16.  16.   0.   0.  16. 
  8.   8.   0.   0.  15.   15.   7.   7.   5.  20.   0.   5.   8.   0.   5.   5. 
  0.   0.   0.   0.   0.    0.   0.   0.   5.   0.   0.  26.  18.   0.  26.   5. 
 30.  30.   0.   0.  19.   19.  35.  35.   0.  31.  31.   0.   0.  31.  31.   0. 
 42.  42.  14.  14.   0.    0.  34.  34.   6.   0.   0.   6.   6.   0.   0.   6. 
  1.   1.   5.   6.   0.    0.   4.   5.  31.   0.  12.  27.  27.  38.   0.  27. 
  7.   7.   0.   0.   8.    8.   1.   1.   0.  14.   0.   0.  38.   0.   3.   0. 
  8.   9.   0.   1.   8.    8.   0.   0.   0.  16.  16.   0.   0.  16.  16.   0. 
  4.   4.   4.   4.   0.    0.   0.   0.   9.  14.   0.  13.  16.   0.   0.   9. 
  0.   0.  45.  45.  18.   18.  27.  27.   0.   0.  46.   0.  26.   0.   0.  20. 
  6.   6.   0.   0.   7.    7.  13.  13.   3.  15.   0.   3.   3.   0.  36.   3. 
  5.   5.   0.   0.   5.    5.   0.   0.   0.  25.  24.   0.  42.  11.  11.   0. 
  2.   3.   0.   0.   2.    3.   0.   0.   0.  14.  14.   0.   0.  22.  19.   0. 
  0.   0.   3.   3.   0.    0.   3.   3.   8.   6.   6.   6.   0.  32.   6.   0. 
  4.   4.   9.  10.  23.   23.  36.  37.  22.   0.   0.  10.  10.   0.  16.  10. 
 17.  18.   0.   0.   4.    5.  18.  18.  26.  20.  20.   0.   0.  20.  20.  15. 
  4.   4.   0.   0.   9.    9.   5.   5.  38.   0.   0.   0.   0.   4.   0.  33. 
  0.   0.   0.   0.   5.    6.   5.   6.   0.   3.   0.   0.   0.   0.   0.  36. 
 31.  31.   0.   0.  20.   20.  23.  24.  22.  24.  24.   0.   0.  24.  24.  13. 
  8.   9.   0.   0.   8.    9.   0.   0.   0.  23.  23.   0.   0.  23.  23.   0. 
 14.  14.   0.   0.  14.   14.   0.   0.   0.   0.   0.  22.   0.  11.  18.   0. 
  0.   0.   0.   0.   0.    0.   0.   0.   0.  38.  16.  48.  14.  16.  24.   0. 
  0.   0.  15.  15.   0.    0.  15.  15.   0.   0.   0.   0.   0.   0.   0.   0. 
  9.  10.   1.   1.  31.   32.  21.  21.   2.   0.   0.   2.   2.   1.   3.   2. 
 27.  27.   0.   0.   4.    5.  22.  23.   0.  17.  40.   0.   0.   0.   0.  20. 
  0.   0.   5.   5.   0.    0.   5.   5.  11.   0.   0.   2.   2.   0.  26.   2. 
 14.  15.   7.   7.  25.   26.   4.   4.   0.   7.   7.   0.   0.   7.   7.   0. 
 10.  11.  32.  32.   6.    7.  15.  15.   5.   0.   0.   5.   5.   0.   0.   5. 
  7.   7.   9.   9.   2.    2.  18.  18.   0.   0.   0.   0.   0.   0.   0.   0. 
 20.  20.  42.  42.  21.   21.   1.   1.  12.   0.  10.  12.  12.   1.   0.  12. 
  7.   7.   0.   0.   7.    7.   0.   0.  14.   0.  18.  14.  14.   9.   0.  28. 
  0.   0.   1.   2.  21.   22.  23.  23.   0.  10.  10.   0.   0.  10.  10.   0. 
  4.   4.   0.   0.   4.    4.   0.   0.   0.   0.   0.   0.   0.   0.   0.   0. 
  4.   5.   0.   0.   4.    5.   0.   0.  29.   0.   0.  14.   6.  34.  50.   6. 
  0.   0.  18.  18.  18.   18.   0.   0.  11.   0.   0.  27.  11.   1.   0.  11. 
  0.   0.  31.  32.  26.   27.  22.  22.   0.   4.   4.   0.   0.   4.   4.   0. 
  8.   8.   0.   0.  15.   15.   9.  10.  21.   0.   0.   0.   0.   0.  32.   0. 
  5.   5.  15.  15.   0.    0.  18.  18.   0.   4.   4.   0.   0.   4.   4.   0. 
  0.   0.   0.   0.   0.    0.   0.   0.  28.   0.   0.  28.  28.   0.   0.  28. 
 22.  23.  18.  19.   0.    0.  20.  20.   6.  23.   6.   6.   6.   0.   0.   6. 
  0.   0.   0.   0.   0.    0.   0.   0.   0.  18.  24.   0.  34.  13.  13.   0. 
 29.  29.   0.   0.  29.   29.   0.   0.   0.   6.   0.   0.  42.   0.  19.   0. 
 19.  19.   0.   0.   4.    4.  22.  23.   6.   0.   0.   0.   0.   0.  12.   0. 
 16.  16.  25.  25.   9.    9.   0.   0.   0.   3.   3.   4.  22.   3.   3.   0. 
 14.  15.   0.   0.  32.   32.  17.  18.   0.  22.  22.   0.   0.  22.  22.   0. 
  0.   0.   1.   1.  10.   11.  10.  10.  10.   0.   0.  10.  10.  34.  37.  10. 
  0.   0.   1.   2.   0.    0.   1.   2.   9.  13.  13.  25.   0.  42.  14.   0. 
  0.   0.   3.   4.  10.   10.   6.   7.   0.  12.  12.   0.   2.  12.  12.   9. 
  0.   0.   1.   1.   0.    0.   1.   1.   2.   0.  20.   0.   0.  20.   0.  14. 
 14.  15.   0.   0.  14.   15.   0.   0.  37.   0.   0.   1.   1.  11.   7.   1. 
 27.  27.   0.   0.   7.    8.  19.  20.   0.   7.   1.   0.   0.   1.  10.   0. 
  9.   9.  13.  13.   8.    8.   0.   0.   0.   0.   0.   0.   0.   0.   0.   0. 
  0.   0.  15.  15.   8.    8.  23.  23.   0.  49.   0.   0.   0.   0.  18.   0. 
  4.   5.   0.   0.   4.    5.   0.   0.   0.  10.   4.  29.   9.   4.  18.   0. 
  2.   2.   1.   1.   3.    3.   0.   0.   0.   0.   0.  34.  19.   0.  42.   0. 
  4.   4.  24.  24.  38.   39.  10.  11.   0.   0.   0.   0.   4.   0.  25.   0. 
 16.  17.   0.   0.  16.   17.   0.   0.  15.   0.   0.  15.  15.   0.   0.  15. 
  0.   0.   0.   0.   6.    7.   6.   7.  20.   0.   0.  16.  16.  15.   0.  22. 
  0.   0.   4.   5.   4.    5.   0.   0.   0.   0.   0.   0.   0.   0.   0.   0. 
  0.   0.   0.   0.   0.    0.   0.   0.  18.   0.  20.  16.  16.   0.   0.  16. 
 21.  21.   0.   0.  11.   11.  23.  24.   0.   4.   4.   0.   0.   4.   4.   0. 
  0.   0.   4.   4.   4.    4.   0.   0.   0.   9.   9.  14.   0.  17.  21.   0. 
  2.   2.   2.   2.   0.    0.   0.   0.  19.   0.   0.  19.  19.   0.   0.  19. 
 23.  23.   0.   0.  10.   10.  13.  13.   0.   4.   4.   0.   0.   4.   4.   0. 
  2.   2.   0.   0.   0.    0.   2.   2.   0.   0.   0.   0.   0.   0.   0.   0. 
  0.   0.   6.   6.   5.    5.   1.   1.   0.  38.  49.   0.  47.  38.  38.  16. 
  0.   0.   0.   0.   0.    0.   0.   0.   8.   0.   0.   8.   8.   0.   0.   8. 
  2.   2.   0.   0.   2.    2.   0.   0.   0.   0.   0.  23.   4.   0.  20.   0. 
 19.  19.   0.   0.  14.   14.   5.   5.  18.  15.   0.  43.  18.   0.  14.  18. 
  3.   4.   3.   4.  27.   28.  20.  21.   0.   8.   8.   0.  15.   8.  30.   0. 
  0.   0.   7.   7.   7.    8.   0.   1.  24.   0.   0.  24.  24.  32.  32.  24. 
  0.   0.  17.  17.  22.   22.  39.  39.  25.   9.   0.  25.  44.   0.  10.  25. 
 13.  13.   0.   0.  31.   31.  18.  18.  25.  34.   0.  25.  39.   0.   0.  26. 
  5.   5.  26.  26.  36.   36.   5.   5.   0.  22.  22.   0.   5.  22.  22.  14. 
 12.  12.   0.   0.  30.   30.  18.  18.   0.  23.  14.   0.  30.  14.  19.   0. 
  9.   9.   1.   1.   0.    0.  10.  10.  11.  14.  20.   0.   0.  14.  14.  23. 
 18.  18.   0.   0.  18.   18.   0.   0.   0.  16.  13.   8.  20.  13.  16.   0. 
  0.   0.   0.   0.   6.    6.   6.   6.  18.   0.   0.   0.   0.  22.  10.   0. 
  4.   4.  11.  11.   1.    1.  16.  16.  24.   0.   0.  24.  24.   0.   0.  24. 
  0.   0.   3.   3.   0.    0.   3.   3.   7.   7.   7.   0.   0.   7.  29.   0. 
  5.   5.   0.   0.   5.    5.   0.   0.   6.   0.   0.   6.   6.   0.   0.   6. 
  0.   0.   4.   5.   0.    0.   4.   5.  29.   0.  36.   0.   0.   1.   0.   0. 
 19.  19.  12.  12.  37.   38.   6.   7.  18.   0.   0.  18.  18.  18.   0.  26. 
  0.   0.   2.   3.   1.    2.   1.   1.  10.   0.   0.  10.  10.   0.   0.  10. 
  0.   0.   3.   3.   3.    3.   0.   0.  11.   0.   0.  11.  11.   4.   0.  12. 
  9.  10.   0.   0.   9.   10.   0.   0.   6.   0.   0.   6.   6.   0.   0.   6. 
  0.   0.  18.  19.   8.    8.  26.  27.  22.  12.  12.   0.   0.  36.  12.   7. 
  0.   0.  14.  14.  28.   28.  14.  14.   6.   0.   0.   6.   6.   2.   0.  22. 
  4.   4.   6.   6.  10.   10.   0.   0.   0.   0.   0.   7.   5.   0.   0.   0. 
  6.   7.   0.   0.   6.    7.   0.   0.   2.   0.   0.   2.   2.   0.   0.   2. 
 15.  16.   0.   0.   9.   10.   6.   6.  15.   2.   2.  19.   0.   2.  29.   0. 
  0.   0.  10.  10.   2.    2.   8.   8.   1.   0.   0.   1.   1.   0.   0.   1. 
  1.   2.   0.   0.   1.    2.   0.   0.   6.   0.   0.   6.   6.   0.   0.   6. 
 17.  17.  26.  26.   6.    6.   3.   3.   0.   0.   7.   0.   0.  20.   0.   0. 
  0.   0.   0.   0.   0.    0.   0.   0.   0.   5.   5.   0.   0.   5.   5.   0. 
  7.   7.   0.   0.   7.    7.   0.   0.   0.  18.  18.   0.  14.  18.  23.   0. 
  0.   0.   4.   4.   0.    0.   4.   4.   0.   8.   8.   0.   0.   8.   8.   0. 
  0.   0.   0.   0.   0.    0.   0.   0.   0.   4.   4.   6.   0.  26.  16.   0. 
  0.   0.  15.  15.   0.    0.  15.  15.   0.   0.   0.   0.   0.   0.   0.   0. 
 13.  13.   7.   7.   0.    0.  20.  20.   2.   0.   0.  42.   2.   0.   2.   2. 
  0.   0.   0.   0.   0.    0.   0.   0.  12.   0.   8.   0.   0.  36.   0.  12. 
  0.   0.   0.   0.   6.    7.   6.   7.  10.   0.   0.  10.  10.   0.   0.  10. 
 31.  32.   5.   6.  26.   26.   0.   0.   0.   0.   0.   0.   0.   0.   0.   0. 
  0.   0.  26.  27.  29.   29.   2.   3.   0.  12.  12.   0.   1.  12.  12.  29. 
  0.   1.  19.  20.  13.   14.   5.   6.  20.   0.  16.  20.  20.  35.   0.  20. 
  0.   0.   0.   0.   0.    0.   0.   0.   0.  10.  26.   0.   0.  15.  10.   0. 
  0.   0.   3.   3.   5.    5.   5.   5.   0.  16.  16.   0.  35.  16.  38.   0. 
  0.   0.   0.   0.   0.    0.   0.   0.   8.  16.   2.   8.  15.   0.   0.  17. 
  2.   2.  21.  21.  19.   19.   0.   0.   0.   6.   6.   1.   0.  35.   6.   0. 
  6.   6.   0.   0.   0.    0.   6.   6.   0.   6.   6.   0.   0.   0.   0.  42. 
 21.  22.   8.   8.   0.    0.  13.  14.  29.   0.   1.  11.  11.   0.   0.  11. 
  0.   0.   9.   9.   9.    9.   0.   0.   0.   8.   8.  34.  15.   8.   8.   0. 
  0.   0.  10.  10.   0.    0.  10.  10.  10.   0.   0.  10.  10.   0.   0.  10. 
 23.  23.  11.  11.  12.   12.   0.   0.  17.   0.   0.  17.  17.   0.   0.  17. 
 15.  15.  14.  14.   0.    0.   1.   1.  17.   0.   0.  17.  17.   0.   0.  17. 
 13.  13.  13.  13.   0.    0.   0.   0.   3.   0.   0.   3.   3.   0.   0.   3. 
  0.   0.  12.  12.   7.    8.  19.  20.  16.   0.   0.  12.  12.   2.  36.  12. 
  2.   2.   0.   0.   2.    2.   0.   0.   0.  10.  10.   0.   0.  10.  10.   0. 
  7.   7.  37.  38.  10.   10.  21.  21.   0.   0.   0.   0.   0.   0.   0.   0. 
 19.  19.  14.  14.   5.    5.   0.   0.   2.   0.  10.   0.   0.  18.   0.   0. 
 10.  10.  14.  14.  24.   24.   0.   0.   0.   0.   0.  28.  23.   0.  24.   0. 
 21.  21.   0.   0.  21.   21.   0.   0.   8.   0.   2.   8.  20.   0.   0.  21. 
 12.  12.  26.  26.  14.   14.   0.   0.   0.   0.   0.   0.   0.   0.   0.   0. 
  0.   0.   0.   0.  11.   11.  11.  11.   0.  30.  10.   0.  21.  10.  22.   0. 
  9.  10.   0.   0.  13.   14.  23.  23.   0.   4.   4.   0.   0.   4.   4.   0. 
 11.  11.   0.   0.  16.   16.   5.   5.  24.   1.   1.   0.   0.  38.   1.  15. 
  0.   0.   8.   8.   0.    0.   8.   8.  10.   2.   2.   0.   0.   2.   2.   9. 
  0.   0.   7.   8.   0.    0.   7.   8.  30.   4.   0.  30.  32.   0.  15.  30. 
  0.   0.   0.   0.   0.    0.   0.   0.   8.   0.   0.   8.   8.   0.   0.   8. 
 23.  23.   0.   0.  15.   16.   7.   8.   0.  27.   2.   0.   0.   2.   2.  10. 
  0.   0.   6.   6.   0.    0.   6.   6.   0.  17.  17.   0.   0.  17.  17.   0. 
 20.  20.   0.   0.   3.    3.  17.  17.   0.  10.  24.   0.   0.   0.   0.  12. 
  0.   0.   5.   5.  20.   20.  15.  15.   0.  11.  11.   0.  16.  11.  11.  20. 
  0.   0.   0.   0.   0.    0.   0.   0.  13.   0.   0.  13.  13.   0.   0.  13. 
 31.  31.   2.   2.  47.   48.  15.  15.   0.   0.   0.   0.  20.   0.   0.  10. 
  8.   8.   2.   2.   0.    0.  10.  10.   6.   0.   0.   6.   6.   0.   0.   6. 
  0.   0.   8.   9.   0.    0.   8.   9.   0.   0.   0.   0.  35.   0.   0.  14. 
  0.   0.   0.   0.   0.    0.   0.   0.   0.   4.   4.   0.   0.   4.   4.   0. 
  1.   2.   2.   3.   0.    0.   1.   1.  30.   0.   0.  30.  30.   0.   0.  30. 
 21.  21.   1.   1.   7.    7.  13.  13.   9.  14.  26.   0.   0.  14.  14.   0. 
  0.   0.   4.   5.   0.    0.   4.   5.   0.   0.   0.   0.   0.   0.   0.   0. 
  6.   6.   4.   4.  30.   31.  20.  20.   0.   5.   5.   0.   8.   5.   5.   4. 
  0.   0.   9.   9.   9.   10.   0.   1.  12.   0.   0.  12.  12.   0.   0.  12. 
 16.  16.   0.   0.  20.   20.   4.   4.  22.  30.   0.  22.  28.   0.   5.  22. 
  8.   9.   0.   0.   0.    0.   8.   9.   0.   4.   4.   0.   0.   4.   4.   0. 
  2.   2.   0.   0.   2.    2.   0.   0.  20.  37.   0.  20.  20.   0.  18.  20. 
  0.   0.   6.   7.   0.    0.   6.   7.   0.  20.   0.   0.   0.   0.  13.   0. 
 22.  23.   9.   9.   0.    0.  14.  14.   0.  13.  12.   0.   0.   0.   0.   0. 
  0.   0.   0.   0.   0.    0.   0.   0.   1.  10.  10.   1.  38.   0.   0.   6. 
  2.   2.   0.   0.   0.    0.   2.   2.   0.  11.  12.   0.   0.   8.   8.  20. 
  3.   4.   1.   1.   0.    0.   2.   3.   0.   6.   6.   0.   0.   6.   6.   0. 
  0.   0.   8.   8.  16.   17.   9.   9.   0.   0.   0.   0.  25.   0.   0.   2. 
  0.   0.   0.   0.   0.    0.   0.   0.  16.   0.   0.  10.   1.   0.  18.   1. 
 24.  24.   0.   1.   2.    2.  26.  27.   0.  10.   0.   0.   0.   0.   3.   0. 
  0.   0.   6.   7.   8.    8.   1.   2.  14.   0.   0.  14.  14.   0.   0.  14. 
 19.  20.   2.   3.   9.    9.   8.   8.  10.   9.  24.  10.  10.   0.   0.  10. 
  0.   0.   0.   0.  13.   13.  13.  13.  11.   0.   0.  11.  11.   0.   0.  11. 
  0.   0.   9.  10.   9.   10.   0.   0.  17.   0.  45.  17.  37.   0.   0.  18. 
  4.   4.   0.   0.   4.    4.   0.   0.  10.   0.   0.  10.  10.   0.   0.  10. 
 28.  29.  28.  29.   0.    0.   0.   0.   0.   0.   0.   0.   0.   0.   0.   0. 
  4.   4.   2.   2.   2.    2.   0.   0.   0.  49.   0.  34.  12.   0.   0.   0. 
 19.  19.   0.   0.  19.   19.   0.   0.  26.   0.  22.   8.   8.  22.   0.  18. 
  0.   0.  29.  29.   0.    0.  29.  29.  20.   0.   0.  16.  12.  36.  14.  12. 
 12.  13.   0.   0.  12.   13.   0.   0.  10.   0.   0.   8.   0.   0.   0.   0. 
  2.   2.   0.   0.   0.    0.   2.   2.   0.  22.  11.  31.   0.  11.  13.   0. 
 14.  15.   0.   0.  14.   15.   0.   0.  14.  42.   0.  16.  14.   0.  20.  14. 
  5.   6.   1.   1.   0.    0.   4.   4.   5.  46.   0.   8.   5.   0.   0.   5. 
 23.  24.   7.   7.   0.    0.  17.  17.   0.   4.   4.   0.   0.   4.   4.   0. 
  9.   9.   0.   0.   0.    0.   9.   9.  11.   0.   0.  11.  11.   0.   0.  11. 
  0.   0.   6.   6.   0.    0.   6.   6.  15.   0.   0.  15.  15.   0.   0.  15. 
  8.   9.   0.   0.   8.    9.   0.   0.   0.   8.   8.  17.   1.   8.   8.   0. 
 17.  17.   2.   3.  14.   15.   0.   0.   0.  25.  25.   0.   0.  25.  25.   0. 
  0.   0.   5.   5.  23.   23.  18.  18.   0.   0.   0.   0.   0.  16.   0.  16. 
  0.   0.   0.   0.   0.    0.   0.   0.  13.   0.  37.  13.  15.   0.   0.  13. 
  1.   2.   1.   2.   0.    0.   0.   0.   0.  37.  25.   4.  22.  25.  25.   0. 
  0.   0.   7.   7.   0.    0.   7.   7.   0.   4.   4.   0.   0.   4.   4.   0. 
  8.   8.   0.   0.   8.    8.   0.   0.   0.   0.   0.   0.   0.   0.   0.   0. 
  9.  10.   0.   0.  35.   36.  43.  43.  18.   0.   0.  18.  18.   0.   0.  18. 
  6.   6.  12.  12.  10.   10.  28.  28.   5.   0.   0.   5.   5.   0.   0.   5. 
  2.   2.   2.   2.   0.    0.   0.   0.  24.  24.  24.  42.   0.  45.  24.   0. 
 18.  18.   0.   0.   0.    0.  18.  18.   0.  31.   6.   0.   0.   0.   0.  14. 
  0.   0.   9.   9.   0.    0.   9.   9.   0.   6.   4.  24.   0.   4.   4.   0. 
  4.   4.  12.  12.   8.    8.   0.   0.   2.   0.   5.   2.   2.   4.   0.   2. 
  0.   0.   5.   5.   4.    5.   2.   2.   0.  28.  28.   0.   0.  28.  28.   0. 
  6.   6.   0.   0.   0.    0.   6.   6.  30.   0.   0.  12.   0.   0.  24.   0. 
  0.   0.  14.  15.   0.    0.  14.  15.   0.   0.   0.   0.   0.   0.   0.   0. 
  2.   2.   0.   0.   2.    2.   0.   0.   0.   0.   0.   0.   0.  40.   0.  20. 
 35.  35.   0.   0.  35.   35.   0.   0.   0.   0.   0.   0.   0.   0.   0.   0. 
  0.   0.  12.  12.   0.    0.  12.  12.   2.   0.   0.   2.   2.   0.   0.   2. 
  0.   0.   9.   9.  20.   21.  14.  14.   0.  16.  16.   0.   0.  16.  16.   0. 
  0.   0.  38.  39.  26.   26.  30.  31.   0.   0.   0.   0.  14.   0.  28.   0. 
  0.   0.  14.  14.   4.    4.  10.  10.   0.  12.  12.  10.   3.  12.  18.   0. 
  0.   1.   5.   5.   4.    5.   0.   0.  26.   0.  35.  26.  42.   0.   0.  26. 
 19.  20.   5.   6.  10.   10.  35.  35.   0.   3.   0.   0.   0.   0.   9.   0. 
 15.  15.   0.   0.  15.   15.   0.   0.  22.  41.  24.  22.  22.   0.   0.  22. 
  0.   0.   8.   8.   8.    8.   0.   0.   0.   1.   1.   0.   0.   1.   1.   0. 
  6.   6.   3.   3.   3.    3.   0.   0.   2.   0.   0.   3.   0.  12.   0.   0. 
  0.   0.   0.   0.   4.    4.   4.   4.   0.  25.  18.   0.  18.  18.  18.  36. 
  0.   0.   0.   0.   0.    0.   0.   0.   0.  30.  12.   0.   8.  12.  38.   0. 
 16.  16.  13.  13.   0.    0.  29.  29.   0.   0.   0.   0.   0.   0.   0.   0. 
  2.   3.  13.  14.   6.    7.   4.   5.  21.   0.  16.  21.  21.  17.   0.  21. 
  8.   8.   0.   0.   8.    8.   0.   0.  15.  47.   0.  15.  22.   0.   2.  15. 
  0.   0.   1.   1.   6.    6.   7.   7.   0.  34.  25.   0.  24.  25.  25.  27. 
  0.   0.   0.   0.   0.    0.   0.   0.  26.   0.   0.   4.   0.  50.  26.   0. 
 22.  22.  26.  26.   0.    0.   4.   4.  22.   0.  10.  14.  14.   2.   0.  14. 
  5.   5.  27.  27.  32.   32.   0.   0.  10.   0.   0.  26.  10.  17.  44.  10. 
  0.   0.   0.   0.   5.    5.   5.   6.   0.   0.   0.   0.   0.   0.   0.   0. 
  8.   8.  18.  18.   0.    0.  10.  10.   0.   0.   0.   0.   0.   0.   0.   0. 
  2.   2.   1.   1.   0.    0.   3.   3.   0.   6.   6.   0.   0.   6.   6.   0. 
  1.   2.   0.   0.   8.    8.   6.   7.  12.   0.   0.   0.   0.  21.   0.   7. 
 17.  17.   9.   9.   1.    1.   7.   7.  10.  18.  18.  25.   0.  18.  18.   0. 
 23.  23.   0.   0.   0.    0.  23.  23.   1.  10.  35.   1.   1.   0.   0.  11. 
  0.   0.   1.   1.   9.    9.  10.  10.   0.   0.   0.   0.   0.   0.   0.   0. 
 12.  12.  28.  29.  15.   15.   1.   1.   0.   6.  18.   0.  34.   6.   6.   0. 
  0.   0.   0.   0.  15.   15.  15.  15.  23.  36.   0.  23.  41.   0.  21.  23. 
 12.  12.  11.  11.   0.    0.  23.  23.   0.  31.  20.   0.   0.   0.   0.  22. 
  0.   0.   5.   5.  17.   17.  12.  12.   1.   0.   0.   1.   1.   0.   0.   1. 
  0.   0.   0.   0.   0.    0.   0.   0.   8.   2.   2.  42.   0.   2.   2.   0. 
  7.   7.   7.   7.   0.    0.   0.   0.   0.   0.   0.   0.   0.   0.   0.   0. 
  6.   7.   0.   0.  33.   34.  38.  38.   0.  10.  10.   0.   0.  10.  10.   0. 
 25.  25.   5.   6.  22.   23.   0.   0.   2.   0.   0.  32.  18.   0.   0.   2. 
  4.   5.   0.   0.   4.    5.   0.   0.   6.   0.   0.   3.   0.  24.   0.   0. 
 10.  10.  10.  10.   0.    0.   0.   0.   0.  26.  12.   0.  16.   0.   0.   0. 
  5.   5.   5.   5.   0.    0.   0.   0.  14.   0.   0.  24.  13.  42.   0.  13. 
 10.  10.   0.   0.  10.   10.   0.   0.   0.   0.   0.   0.   0.   0.   0.   0. 
  0.   0.   6.   6.   0.    0.   6.   6.  16.   6.   6.   2.   0.  16.   7.   0. 
 36.  36.  26.  27.   0.    0.  11.  12.   0.   0.   0.   0.   0.   0.   0.   0. 
  0.   0.  13.  13.  19.   19.   6.   6.   0.   8.   8.   0.   1.   8.   8.  23. 
  1.   2.   0.   0.   5.    5.   3.   4.   0.  32.   2.   0.  26.   2.   4.   0. 
 16.  17.  28.  29.  23.   23.   0.   0.   0.  16.  16.  21.  25.  16.  16.   0. 
 26.  27.  28.  29.   2.    2.   0.   0.   0.   0.   0.   0.   0.   0.   0.   0. 
  7.   7.  20.  21.   1.    1.  12.  12.   6.   0.   0.   6.   6.   0.   0.   6. 
  0.   0.  46.  46.  35.   36.  36.  36.   0.   0.   0.   0.   0.  14.   0.   8. 
  0.   0.   0.   0.   0.    0.   0.   0.   2.   0.   0.   2.   2.   0.   0.   2. 
  7.   7.   0.   0.   7.    7.   0.   0.   0.   3.   3.   0.   7.   3.   4.   0. 
  5.   6.   0.   0.   5.    6.   0.   0.   0.  25.  25.   0.   0.  32.  38.   0. 
  0.   0.   0.   0.  14.   15.  14.  15.  22.   0.   0.  10.  10.  24.  26.  10. 
  0.   0.   0.   0.   0.    0.   0.   0.   0.   0.   0.   0.  26.   0.  10.   0. 
  0.   0.  10.  10.  10.   10.   0.   0.   0.   0.   0.   0.   0.   0.   0.   0. 
  0.   0.   0.   0.   0.    0.   0.   0.   0.   6.   6.   0.  13.   6.   9.   0. 
  0.   0.   6.   6.   0.    0.   6.   6.   0.   0.   0.   0.   0.   0.   0.   0. 
 16.  16.  16.  16.   0.    0.   0.   0.   0.   0.   0.  13.   0.  24.   0.   0. 
 29.  29.   0.   0.  34.   35.  31.  32.  20.   1.   1.   0.   0.   1.   1.  15. 
 33.  33.  22.  22.   0.    0.  23.  23.   0.   4.   4.   0.   0.   4.   4.   0. 
  1.   2.   9.   9.   0.    0.  10.  11.   0.  24.  10.  15.   0.  10.  36.   0. 
  0.   0.   0.   0.   0.    0.   0.   0.  16.   0.   0.  16.  16.   0.   0.  16. 
  0.   0.   7.   7.   0.    0.   7.   7.   0.   0.   0.   0.   0.   0.   0.   0. 
 17.  18.  17.  18.  11.   11.   0.   0.   0.  12.  12.   0.   0.  12.  12.   0. 
 26.  26.   7.   7.   0.    0.  25.  25.  18.   6.   6.  11.   0.   6.   6.   0. 
  4.   4.   0.   0.   0.    0.   4.   4.  15.   9.   9.   9.   0.   9.  16.   0. 
  0.   0.  14.  15.  20.   21.  35.  35.   0.   4.   4.   0.  16.   4.   4.  12. 
  0.   0.   4.   5.   0.    0.   4.   5.   2.   2.   2.  34.   0.   4.   8.   0. 
 12.  12.  23.  23.   7.    7.   4.   4.   4.   0.  14.   4.   4.  14.   0.   4. 
  0.   0.   3.   3.   0.    0.   3.   3.   0.   0.   0.   0.   4.   0.  12.   0. 
  0.   0.   0.   0.   0.    0.   0.   0.   0.  18.   8.   0.   2.   8.  14.   0. 
  8.   9.  21.  21.  12.   13.   0.   0.   0.  16.  17.   0.   2.  16.  16.   0. 
 16.  16.   0.   0.  16.   16.   0.   0.   0.   0.   0.   0.   0.   0.   0.   0. 
  0.   0.  12.  12.   3.    3.  15.  15.   6.  20.   0.   6.   8.   0.   5.   6. 
  5.   6.   0.   0.   2.    3.   3.   3.  33.  12.  26.   0.   0.  12.  12.   4. 
  0.   0.   0.   0.   0.    0.   0.   0.   1.  19.   0.   3.   9.   0.  14.   1. 
 18.  18.   0.   0.  19.   19.   6.   7.   1.   0.   0.   0.   0.   0.   0.  13. 
  0.   0.   2.   2.   6.    7.   8.   9.  34.   0.   0.   2.   2.  15.   0.   4. 
 29.  30.   4.   4.  25.   25.   0.   0.   0.   2.  25.   0.   0.   0.   0.   0. 
  1.   2.   0.   0.   1.    2.   0.   0.  12.   0.   0.  22.  12.   9.  29.  12. 
 14.  14.   9.  10.   8.    8.   0.   0.   0.   8.   8.   0.   0.   8.   8.   0. 
  0.   0.   0.   0.   0.    0.   0.   0.  20.   0.   4.   0.   0.   9.   0.  17. 
  1.   1.   0.   0.   1.    1.   0.   0.   0.  42.   4.   0.  14.   0.   0.  23. 
  2.   2.  10.  10.   0.    0.  12.  12.  11.   0.   0.  11.  11.   0.   0.  11. 
  2.   2.   0.   0.   0.    0.   2.   2.  50.   0.   0.  20.   0.   0.  20.   0. 
 11.  11.   0.   0.   2.    2.  12.  13.   0.   3.   0.   0.   0.   0.   0.  24. 
  3.   3.   9.   9.   2.    3.   3.   4.   0.   0.  28.   0.   0.  36.   0.   0. 
 22.  23.  17.  17.   3.    3.   2.   3.  12.   0.   0.  12.  12.   0.   0.  12. 
  0.   0.   1.   1.   3.    4.   2.   2.   0.   0.   0.   0.   0.   0.   0.   0. 
  0.   0.  35.  35.  25.   26.  17.  17.   0.   0.   0.   0.   0.   0.   0.   0. 
  3.   3.  20.  20.   0.    0.  17.  17.   1.   0.   0.   1.   1.   0.   0.   1. 
 23.  23.   0.   0.  16.   16.  39.  39.   8.  25.   0.   8.   8.   0.  25.   8. 
 13.  13.   0.   0.  13.   13.   0.   0.   6.   0.   0.  18.  24.   0.   0.   6. 
  0.   0.  13.  13.   0.    0.  13.  13.  20.  47.   0.  20.  20.   0.  11.  20. 
  0.   0.   0.   0.   0.    0.   0.   0.   8.   2.   8.   0.   0.   4.   2.  16. 
  2.   3.   0.   0.   2.    3.   0.   0.   0.  18.   4.   0.  29.   0.   0.  49. 
  7.   7.   0.   0.   7.    7.   0.   0.  23.  13.  15.   0.   0.  13.  13.   0. 
 13.  14.   3.   4.  10.   10.   0.   0.   0.  12.  10.  30.   9.  10.  10.   0. 
  2.   2.   0.   0.   2.    2.   0.   0.   0.   0.   0.   0.  10.   0.  13.   0. 
  5.   5.  20.  20.   0.    0.  25.  25.   0.  12.   5.   8.   0.   5.   5.   0. 
  0.   0.  35.  35.   0.    0.  35.  35.   0.   0.  25.   0.   5.   0.   0.  46. 
 13.  13.  25.  26.   0.    0.  38.  39.  20.   0.   7.   0.   0.   0.   0.  17. 
  0.   0.   0.   0.   0.    0.   0.   0.   0.  11.  32.   0.   5.   0.   0.  25. 
 14.  14.  14.  14.  11.   11.   0.   0.   2.   0.   0.   2.   2.   0.   0.   2. 
 21.  21.   3.   3.   8.    8.  10.  10.  27.   0.   0.  27.  27.   0.   0.  27. 
  0.   0.  27.  27.   5.    5.  22.  22.  12.   0.   6.  12.  22.   0.   0.  33. 
  5.   5.   0.   0.   5.    5.   0.   0.  24.   0.   0.  24.  24.  23.   0.  38. 
 20.  20.   0.   0.  20.   20.   0.   0.   0.  25.  30.   0.  31.   9.   9.  12. 
 11.  11.  24.  24.   6.    6.   7.   7.  11.   0.   1.  11.  29.   0.   0.  11. 
 10.  10.   1.   1.   7.    7.  18.  18.   9.   9.   9.   0.   0.   9.  22.   0. 
  0.   0.   2.   2.   0.    0.   2.   2.   0.   0.   0.   1.   0.   2.  26.   0. 
  0.   0.   0.   0.   0.    0.   0.   0.  20.   8.   0.  35.  30.   0.  28.  20. 
  6.   6.  11.  11.   0.    0.   5.   5.   0.   6.   6.   0.   0.   6.   6.   0. 
  0.   0.   0.   0.   0.    0.   0.   0.   6.   0.   7.   0.   0.   0.   0.   0. 
  0.   0.   0.   0.   0.    0.   0.   0.   1.   0.   0.   8.   2.   0.   0.   1. 
  0.   0.   0.   0.   0.    0.   0.   0.  20.   0.   0.  20.  10.   0.  10.  10. 
  0.   0.   1.   1.   0.    0.   1.   1.   0.   4.   4.   0.   0.   4.   4.   0. 
  0.   0.  11.  11.   0.    0.  11.  11.   0.   0.   0.   0.   0.   0.   0.   0. 
  1.   1.  12.  12.   0.    0.  11.  11.   0.  10.  24.   0.  32.  10.  10.   0. 
 10.  10.   0.   0.  18.   18.  14.  14.   5.   0.   0.   5.   5.   0.   0.   5. 
  0.   0.  16.  17.   0.    0.  16.  17.   5.   0.   0.   5.   5.   0.   0.   5. 
  0.   0.   4.   4.   0.    0.   4.   4.   5.  23.  23.  39.   0.  25.  25.   0. 
  8.   8.   6.   6.   0.    0.   2.   2.   0.   0.   0.   0.   0.   0.   0.   0. 
  1.   2.   0.   0.   2.    3.   1.   1.  15.   0.   0.   0.   0.   0.   0.  17. 
 13.  14.   4.   4.   4.    4.   6.   6.  33.  14.   8.  33.  33.   0.   0.  33. 
  3.   3.   0.   0.  20.   20.  17.  17.   0.  44.   4.   0.  12.   4.   4.   2. 
  1.   1.   0.   0.   1.    1.   0.   0.   0.  36.  44.   0.  38.  36.  36.   4. 
  6.   6.   0.   0.   6.    6.   0.   0.  32.   6.  33.   0.   0.  40.   6.  34. 
  0.   0.  11.  11.   0.    0.  11.  11.  12.   4.   4.  16.   0.  22.  16.   0. 
  0.   0.   2.   2.   0.    0.   2.   2.  21.   0.   0.  29.  21.  50.  24.  21. 
  0.   0.   5.   5.  25.   26.  21.  21.   0.   8.   8.   0.   0.   8.   8.   0. 
 26.  26.   0.   0.  23.   23.   3.   3.   0.  19.  12.   0.   0.   8.   8.  44. 
  0.   0.  19.  20.   0.    0.  19.  20.  25.   0.   0.   0.   0.  12.   0.   8. 
 17.  17.   0.   0.  17.   17.   0.   0.  43.   0.  19.   0.   0.  16.   0.  20. 
  3.   4.   8.   8.   0.    0.  10.  10.   9.   0.   0.  13.   0.   0.   0.   0. 
 10.  10.  10.  10.   0.    0.   0.   0.   7.   0.   0.   7.   7.   0.   0.   7. 
 11.  11.  29.  29.   0.    1.  17.  18.   7.   0.  46.   7.  31.   0.   0.   7. 
 17.  17.   3.   3.  14.   14.   0.   0.   0.  19.  19.   0.   0.  19.  19.   0. 
  0.   0.   0.   0.   0.    0.   0.   0.  11.   0.   0.  11.  11.   0.   0.  11. 
 24.  24.   1.   1.  10.   10.  35.  35.   0.   0.   0.   0.   0.   0.   0.   0. 
 22.  22.  23.  23.   0.    0.   2.   2.  18.   0.  14.  10.  10.   0.   0.  10. 
  3.   3.   0.   0.   0.    0.   3.   3.   5.  28.  28.   5.   5.   0.   0.  46. 
  0.   0.  16.  16.  17.   17.   1.   1.   6.   0.   0.   6.   6.   0.   0.   6. 
  0.   0.   8.   8.   3.    4.  10.  10.   0.  10.  10.   0.  47.  10.  10.   9. 
 23.  24.  17.  17.   0.    0.   6.   6.  14.   0.  22.  12.  12.   0.   0.  12. 
  0.   0.   3.   4.   0.    0.   3.   4.   0.   0.   0.   0.   9.   0.   0.  25. 
  0.   0.   1.   1.   0.    0.   1.   1.  14.   7.  18.   0.   0.  14.   7.   0. 
  0.   0.   0.   0.   0.    0.   0.   0.   0.   5.   5.   0.   0.  16.   5.  43. 
  0.   0.  12.  13.   0.    0.  12.  13.   0.  21.  17.   0.   0.   3.   3.   0. 
  0.   0.   0.   0.   0.    0.   0.   0.   0.  10.   0.   1.  28.   0.   0.   0. 
 16.  17.   2.   2.   0.    0.  15.  16.   8.   0.   0.  19.   0.   0.   0.   0. 
 16.  16.  12.  12.  16.   16.   0.   0.  18.   0.  27.  18.  18.  45.   0.  18. 
  0.   0.  16.  16.  28.   28.  32.  32.   4.   0.   0.   4.  14.   0.  27.   4. 
  2.   2.   0.   0.  14.   14.  12.  12.  26.   0.   0.  26.  26.   0.   0.  26. 
  0.   0.   1.   1.   1.    1.   0.   0.   0.   0.  16.   0.   0.   8.   0.   2. 
  0.   0.  28.  28.  28.   28.   0.   0.   0.   3.   3.   0.   0.   3.   3.   0. 
  0.   0.   0.   0.   7.    7.   7.   7.  15.   4.   4.   0.   0.  30.  18.   0. 
  0.   0.   0.   1.   0.    0.   0.   1.  18.   0.  29.  18.  18.  31.   0.  18. 
  6.   6.   0.   0.   2.    3.   8.   9.   0.   0.   0.   0.   0.   0.   0.   0. 
  0.   0.   9.  10.   0.    0.   9.  10.   0.  21.   3.   0.   0.   3.  11.   0. 
 13.  13.   0.   0.   7.    7.  10.  10.   0.  25.   0.   0.   0.   0.  15.   0. 
  4.   4.   9.   9.  13.   13.   0.   0.   0.   0.   0.   0.   0.   0.   0.   0. 
  0.   0.  16.  17.   0.    1.  16.  16.   8.   0.   0.  18.   8.   5.  16.   8. 
  0.   0.   2.   3.  22.   23.  25.  25.   0.  17.  13.   0.   9.  13.  13.  23. 
  2.   2.  12.  13.  18.   19.   4.   4.   0.   0.   0.   0.  10.   0.  50.   0. 
  3.   3.   0.   0.   3.    3.   0.   0.   6.   0.   0.   8.   6.  19.   0.   6. 
  0.   0.   9.   9.   0.    0.   9.   9.   4.   0.   0.   4.   4.   0.   0.   4. 
  8.   8.   1.   1.   9.    9.   0.   0.   0.   0.   0.   0.   0.   0.   0.   0. 
 13.  13.  32.  32.   8.    8.  11.  11.   0.   4.  18.   0.   4.   4.   4.   0. 
  6.   6.   6.   6.   1.    1.  13.  13.   0.   2.   2.   0.   0.   2.   2.   0. 
  0.   0.   6.   7.   0.    0.   6.   7.  15.   0.  14.   0.   0.  13.   0.   0. 
  6.   6.   0.   0.   6.    6.   0.   0.   0.   8.   0.   0.  40.   0.  18.   0. 
  0.   0.   0.   0.   0.    0.   0.   0.  14.   0.   0.  14.  14.   0.   0.  14. 
  0.   0.  16.  16.   0.    0.  16.  16.   0.  26.  26.   0.   0.  26.  26.   0. 
  1.   1.   0.   0.  13.   13.  13.  14.  45.  28.  28.   0.   0.  28.  28.  28. 
  0.   0.  10.  10.  12.   12.   2.   2.   0.   2.   2.   0.   0.   6.   8.   0. 
  0.   0.  10.  10.   0.    0.  10.  10.   0.  22.  22.   0.   0.  22.  22.   0. 
  0.   0.   0.   0.   0.    0.   0.   0.   0.  34.   3.   0.  20.   0.   0.   0. 
  0.   0.  17.  17.  19.   19.   2.   2.  21.   0.   0.  21.  21.   9.   3.  21. 
  0.   0.  17.  17.   0.    0.  17.  17.  24.   0.  33.  24.  30.   0.   0.  24. 
 13.  14.   7.   7.  20.   21.   0.   0.  15.   0.   9.  15.  34.   0.   0.  37. 
  6.   6.   0.   0.   4.    4.   9.  10.  11.   0.   0.  11.  11.   0.   0.  11. 
 16.  17.   0.   0.   0.    0.  16.  17.  12.   0.   0.   8.   6.   0.  37.   6. 
  4.   4.   0.   0.   0.    0.   4.   4.  26.  11.   8.  26.  26.   0.   0.  26. 
  2.   2.   0.   0.   2.    2.   0.   0.  14.  14.   0.  14.  14.   0.   6.  14. 
  3.   4.   0.   0.   1.    1.   2.   3.   0.   0.   0.   0.   0.   0.   0.   0. 
  0.   0.   0.   0.   0.    0.   0.   0.  16.   0.  38.   0.   0.   8.   0.   0. 
  0.   0.   0.   0.   0.    0.   0.   0.  22.   1.   1.   3.   0.   1.   1.   0. 
  8.   9.   2.   2.   0.    0.   6.   6.  36.  30.  30.   8.   0.  30.  30.   0. 
  7.   8.   4.   4.   1.    1.  12.  13.   0.   0.   0.   0.   0.   0.   0.   0. 
  0.   0.   7.   7.   0.    0.   7.   7.   0.  10.  10.   0.   0.  10.  10.   0. 
 12.  12.   6.   6.  18.   18.   0.   0.   0.  14.  14.   0.   0.  14.  14.   0. 
 10.  11.   0.   0.   5.    5.  15.  16.   0.  17.   3.   0.   0.   3.   3.  18. 
 11.  11.  32.  32.  11.   11.  10.  10.   0.  14.  14.   0.   0.  14.  14.   0. 
  0.   0.   9.   9.   0.    0.   9.   9.   0.   0.   0.   0.   0.   0.   0.   0. 
  4.   4.   1.   2.   0.    0.   2.   3.   1.  18.  13.   1.   1.   0.   0.   1. 
 18.  19.   0.   0.  18.   19.   0.   0.   0.   0.   0.   0.   0.   0.   0.   0. 
  9.   9.   0.   0.  12.   12.   3.   3.  11.  38.   0.  11.  21.   0.  22.  11. 
  0.   0.   0.   0.   1.    2.   1.   2.   8.   0.   0.   6.   6.  44.   0.  18. 
  7.   7.  21.  21.   9.   10.   4.   5.   0.   0.   0.   2.   0.   4.   0.   0. 
  2.   3.   0.   0.   2.    3.   0.   0.   0.  30.   4.   0.  17.   4.   4.  40. 
 13.  14.   5.   5.   0.    0.   9.   9.  43.   0.   0.  22.   0.   0.   0.   0. 
 15.  16.  29.  29.   0.    0.  14.  14.  37.  26.  26.   5.   0.  26.  26.   0. 
 14.  14.  23.  24.  27.   28.   0.   0.   0.  24.  34.   0.   5.  24.  24.   0. 
  3.   3.   0.   0.   7.    7.   4.   4.   0.   0.   0.   0.   0.   0.   0.   0. 
  0.   0.   0.   0.   0.    0.   0.   0.  24.   0.   8.   2.   2.   0.   0.   2. 
  0.   0.   0.   0.   0.    0.   0.   0.  15.   0.   0.  13.   0.  12.  24.   0. 
  7.   8.  14.  14.   0.    0.   6.   7.  33.   0.   0.  11.   0.  12.   0.   0. 
  5.   6.   0.   0.  12.   13.  13.  13.  33.   6.   6.   0.   0.   6.   6.   6. 
 11.  11.   0.   0.  12.   12.   1.   1.  30.   8.   8.   0.   0.  46.   8.  20. 
 12.  12.  20.  20.   0.    0.  32.  32.   0.  32.   2.   0.   0.   0.   0.  12. 
 14.  15.  14.  14.   0.    0.   1.   1.   0.  12.  12.   0.   0.  12.  12.   0. 
  5.   5.   0.   0.  26.   26.  31.  31.  24.   0.   0.   2.   2.   0.   0.   5. 
  0.   0.   4.   4.   6.    6.  10.  10.   2.   6.   0.   2.   4.   0.  10.   2. 
  0.   0.   0.   0.   0.    0.   0.   0.   8.   0.   0.  38.   7.  12.   4.   7. 
  6.   6.   0.   0.   7.    7.   1.   1.  18.   6.   0.  18.  24.   0.  28.  18. 
 11.  12.   0.   0.  11.   12.  21.  21.   0.   3.   1.   0.   0.   1.   1.  30. 
  0.   0.  14.  14.  17.   17.  15.  15.  16.   0.   0.  16.  16.   0.   0.  16. 
  0.   0.   0.   0.   0.    0.   0.   0.   8.   0.   0.   8.   8.   0.   0.   8. 
  8.   8.  15.  16.   7.    7.   0.   0.   0.   0.   0.   0.   0.   0.   0.   0. 
  0.   0.   4.   4.   0.    0.   4.   4.  14.   0.   0.  14.  14.   0.   0.  14. 
  1.   1.   0.   0.   0.    0.   1.   1.   0.   3.   3.   0.   0.   3.   3.   0. 
 12.  12.   0.   0.  12.   12.   0.   0.   0.   0.   0.   0.   0.   0.   0.   0. 
  0.   0.   1.   2.   0.    1.   1.   1.   0.   9.   9.   0.   0.   9.   9.   0. 
  0.   0.   0.   1.   0.    0.   0.   1.   0.   9.  13.   0.  36.   5.   5.  19. 
 19.  19.  17.  17.   2.    2.   0.   0.   0.   0.   0.   0.   0.   0.   0.   0. 
 29.  30.  12.  13.   2.    2.  15.  15.  15.   0.  12.   0.   0.   0.   0.   0. 
  0.   0.   7.   7.   0.    0.   7.   7.  21.   0.   0.  46.  15.  21.  41.  15. 
  1.   2.   0.   0.   1.    2.   0.   0.   4.  10.   0.   4.  34.   0.   0.  18. 
 12.  12.  13.  13.   0.    0.   7.   7.   0.  13.  13.   0.   0.  13.  13.   0. 
  0.   0.   6.   6.   0.    0.   6.   6.   0.  32.  32.   0.   0.  32.  32.   0. 
  0.   0.  21.  21.  14.   14.  29.  29.   0.   6.   6.   0.   0.   8.   6.   3. 
  0.   0.   0.   0.   3.    4.   3.   4.   0.  15.  15.   0.   0.  15.  15.   0. 
 16.  16.   0.   0.   6.    6.  10.  10.  16.   0.   0.  16.  16.   0.   0.  16. 
  0.   0.  34.  34.   5.    5.  29.  29.   0.   0.   0.   0.   0.   0.   0.   0. 
  3.   3.   0.   0.   3.    3.   0.   0.  42.  11.  11.  30.   0.  20.  47.   0. 
  0.   0.   7.   7.  26.   27.  20.  21.  24.   0.   0.  24.  24.  12.   8.  24. 
  0.   0.   0.   0.  39.   39.  39.  39.   5.  37.   0.   5.  22.   0.  10.   5. 
 26.  27.   8.   9.  20.   20.   0.   0.   2.   0.   0.   2.   2.   0.   0.   2. 
 34.  35.   0.   0.  19.   20.  15.  15.   0.   0.   0.   0.   0.   0.   0.   0. 
 10.  10.   0.   0.  10.   10.   0.   0.   0.   4.   3.   0.  22.   3.  28.   0. 
 22.  23.  27.  27.   0.    0.  23.  23.   0.  26.  17.  32.   0.  17.  17.   0. 
 13.  13.  27.  28.   6.    6.   8.   9.   0.   0.   0.   7.  18.   0.   0.   0. 
  0.   0.   0.   0.   0.    0.   0.   0.   1.   0.  16.   1.   4.   0.   0.   2. 
  0.   0.   5.   5.   5.    5.   0.   0.   0.   0.  24.   0.   9.   0.   0.  50. 
  0.   0.   0.   0.   3.    3.   3.   3.  50.   0.   0.  16.  16.  32.   0.  20. 
 16.  16.   0.   0.   2.    3.  18.  19.   0.  24.   2.   0.   0.   2.   2.  27. 
 14.  14.   0.   0.  14.   14.   0.   0.   9.  14.  14.   5.   0.  24.  14.   0. 
  0.   0.  16.  16.  16.   16.   0.   0.  10.   0.  22.  10.  10.  34.   0.  26. 
 20.  20.  31.  31.   0.    0.  18.  18.  16.   7.   7.   0.   0.   7.   7.   0. 
  4.   4.   0.   0.   4.    4.   0.   0.   5.   0.   0.   5.   5.   0.   0.   5. 
  0.   0.  10.  10.   3.    3.   7.   7.  10.   0.   8.  10.  10.  28.   0.  19. 
  5.   5.   5.   5.  19.   19.  29.  29.  28.  16.  16.   0.   0.  16.  16.  24. 
 17.  17.   0.   0.  16.   16.  19.  20.  24.   0.   0.  18.  18.   0.   6.  18. 
  1.   1.   0.   0.   1.    1.   0.   0.  16.   0.   0.   0.   0.   0.  10.   0. 
 21.  21.   0.   0.  21.   21.   0.   0.   2.  16.  22.   2.  38.   0.   0.  12. 
  4.   4.   0.   0.   2.    3.   6.   7.   1.   0.   0.   0.   0.   0.   0.   5. 
  3.   4.   0.   0.   3.    4.   0.   0.   3.   0.   0.   3.   3.   0.   0.   3. 
  0.   0.  11.  11.   0.    0.  11.  11.   0.   0.   0.   0.   0.   7.   0.  37. 
  0.   0.  13.  14.  24.   24.  22.  23.   0.  14.  14.   0.   0.  14.  14.   0. 
  0.   0.   9.   9.   0.    0.   9.   9.   4.  10.  24.   4.  21.   0.   0.  11. 
  4.   4.   0.   0.   4.    4.   0.   0.   5.   0.   0.   5.   5.   0.   0.   5. 
  7.   7.   0.   0.   0.    0.   7.   7.   6.   0.   0.   6.   6.   0.   0.   6. 
  0.   0.  11.  12.   4.    4.  15.  16.  39.  15.  15.   0.   0.  39.  15.   3. 
  0.   0.  15.  15.   3.    3.  12.  12.   9.   0.   0.   9.   9.   0.   0.   9. 
 16.  17.   0.   0.  31.   32.  15.  15.   0.   4.   4.   0.   0.   4.   4.   0. 
 33.  33.   0.   0.  23.   23.  27.  28.  10.  10.   0.  10.  10.   0.  15.  10. 
  0.   0.   3.   3.   3.    4.   1.   2.   0.  10.  10.   0.  12.  10.  42.   0. 
  0.   0.  11.  11.  13.   13.  18.  18.   0.   4.   4.   0.   0.   4.   4.   0. 
  0.   0.   0.   0.   0.    0.   0.   0.   0.  46.  20.   0.  32.  10.  10.   2. 
  0.   0.   0.   0.   0.    0.   0.   0.  23.   0.   0.  23.  23.   0.   0.  23. 
  0.   0.   7.   7.   0.    0.   7.   7.  32.   0.   0.  31.   0.  18.   0.   0. 
 26.  27.   8.   9.  10.   10.   8.   8.  17.   0.   0.  17.  17.   0.   0.  17. 
  0.   0.  10.  10.   0.    0.  10.  10.  13.  21.   6.  13.  13.   0.   0.  28. 
  0.   0.  10.  10.  10.   10.   0.   0.   0.   3.   3.   0.   0.   3.   3.   0. 
  0.   0.   0.   0.   0.    0.   0.   0.   2.  19.   0.  16.  20.   0.   0.   2. 
  6.   6.   0.   0.   6.    6.   0.   0.   0.  14.   6.   0.  34.   0.   0.  22. 
  0.   0.  15.  15.   0.    0.  15.  15.   0.   6.   6.   0.   0.   6.   6.   0. 
  0.   0.   0.   0.   0.    0.   0.   0.   0.  18.  10.   0.  15.   6.   6.   0. 
 12.  12.   0.   0.   7.    7.  19.  19.   0.   4.   4.   0.   0.   4.   4.   0. 
 15.  16.  14.  14.  34.   34.   4.   5.   0.   4.   4.   0.   0.  10.   4.  43. 
 16.  17.   0.   0.  16.   17.   0.   0.   0.   8.  36.   0.   0.  14.   8.  10. 
  0.   0.   0.   0.   0.    0.   0.   0.   0.  17.   6.   0.  36.   0.   0.   8. 
  0.   0.   1.   1.   1.    1.   0.   0.   8.   0.  17.   8.  42.   0.   0.  12. 
  9.  10.   3.   3.  14.   14.   1.   2.   0.   0.   0.   0.   0.   0.   0.   0. 
  1.   1.  10.  11.   0.    0.  11.  12.  19.   0.   0.  19.  19.   0.   0.  19. 
  0.   0.   6.   6.   6.    6.   0.   0.   0.   2.   2.   2.   0.  16.  12.   0. 
 10.  10.   5.   5.  23.   24.   8.   8.   0.   2.   2.   0.  10.   2.   2.  14. 
 14.  14.   0.   0.   0.    0.  14.  14.   0.  18.  13.   4.   0.  13.  20.   0. 
  0.   0.  16.  16.  13.   13.  29.  29.   0.  22.   0.   0.  14.   0.   2.   0. 
  9.   9.   7.   7.  24.   25.   8.   8.   0.  28.  28.   0.   0.  28.  28.   0. 
  0.   0.   0.   0.   0.    0.   0.   0.   0.   2.   2.  28.   0.  16.   7.   0. 
  0.   0.   0.   0.   0.    0.   0.   0.   0.  28.   7.  36.  15.   7.  10.   0. 
  0.   0.   0.   0.  14.   15.  14.  15.   0.   0.   0.   0.   0.   0.   0.   0. 
  1.   2.  10.  11.   9.    9.   0.   0.   0.  14.  14.   0.   0.  14.  14.   0. 
  0.   0.   0.   0.  10.   11.  10.  11.   0.   0.   0.   0.   0.   0.   0.   0. 
  0.   0.   4.   4.   4.    4.   0.   0.   0.   5.  17.   0.  21.   5.   5.  32. 
 13.  14.   5.   5.  18.   19.   0.   0.   0.   3.  23.   0.   0.  31.   3.  26. 
  0.   0.   2.   2.   0.    0.   2.   2.  13.   0.   0.  13.  13.   0.   0.  13. 
  0.   0.   0.   0.   0.    0.   0.   0.  23.  13.   0.  38.  24.   0.  50.  23. 
 10.  10.  22.  22.   0.    0.  12.  12.  34.   0.   0.  20.  16.   6.   0.  16. 
  0.   0.   4.   4.   5.    5.   1.   1.   0.   0.   0.   0.   0.   0.   0.   0. 
  4.   5.  15.  15.   8.    9.  28.  28.  18.   0.   0.   0.   0.   0.  33.   0. 
  5.   6.   3.   3.   0.    0.   3.   3.  27.  14.  45.   0.   0.  14.  14.   0. 
 19.  19.  36.  37.   5.    5.  12.  12.   4.   0.   0.  22.   4.  20.   0.   4. 
  0.   0.  18.  18.   0.    0.  18.  18.  14.   0.   0.  14.  14.   0.   0.  14. 
 11.  12.   0.   0.  16.   17.   6.   6.   0.   0.   0.   0.   0.   0.   0.   0. 
  3.   3.  17.  17.   3.    3.  11.  11.   0.   0.  19.   0.   0.  32.   0.   0. 
  0.   0.   0.   0.   0.    0.   0.   0.   2.   0.   0.   0.   0.  28.   0.  47. 
 14.  15.   0.   0.   0.    0.  14.  15.  20.   0.   0.   8.   4.   0.  39.   4. 
  6.   6.   0.   0.   7.    7.   1.   1.  16.   0.   0.  16.  16.   0.   0.  16. 
 45.  46.  15.  15.  10.   10.  20.  20.   0.   1.   1.   0.   0.   1.   1.   0. 
  2.   3.   2.   3.   0.    0.   0.   0.  38.   0.   3.  22.  22.  35.   0.  22. 
  4.   4.  12.  12.  40.   41.  25.  25.   0.  10.  10.   0.   0.  10.  10.   0. 
  0.   0.   0.   0.   1.    1.   1.   1.   0.  11.   6.   0.   6.   6.  13.   0. 
  9.   9.   0.   0.   9.    9.   0.   0.  14.   3.  46.  14.  26.   0.   0.  14. 
  0.   0.   0.   0.   0.    0.   0.   0.   0.  12.  12.   0.   0.  12.  12.   0. 
  0.   0.   0.   0.   0.    0.   0.   0.  41.   0.   0.  16.  16.  24.  20.  16. 
  0.   0.  16.  16.   6.    6.  10.  10.   0.  16.  16.   0.   0.  16.  16.   0. 
 18.  19.   0.   0.  15.   15.  16.  17.   0.   0.   0.   0.   0.   0.   0.   0. 
  0.   0.   0.   0.   0.    0.   0.   0.   0.  14.  14.   0.   0.  14.  14.   0. 
  2.   2.   0.   0.   2.    2.   0.   0.   0.  16.  16.   0.   8.  16.  18.   0. 
 19.  19.   0.   0.  19.   19.   0.   0.   8.   0.   0.   8.   0.  10.  44.   0. 
  0.   0.   6.   6.   0.    0.   6.   6.  18.   6.   6.  12.   0.  26.  46.   0. 
 19.  19.   0.   0.   3.    3.  16.  16.   0.   3.  10.   0.   0.   0.   0.  12. 
 10.  11.   0.   0.  10.   11.   0.   0.  10.   0.   0.  10.  10.   0.   0.  10. 
 11.  11.   2.   2.   9.    9.   0.   0.   0.   0.   0.   0.   0.   0.   0.   0. 
  6.   6.   0.   0.   6.    6.   0.   0.   0.   0.  18.   0.   0.  41.   0.   0. 
  0.   0.   0.   0.   0.    0.   0.   0.   0.  20.  26.   0.  47.  15.  15.  12. 
  0.   0.   0.   0.   0.    0.   0.   0.   0.  11.  17.   0.  34.   0.   0.   8. 
  4.   4.   0.   0.  12.   12.   8.   8.   0.  26.   0.   0.   6.   0.   0.  18. 
  0.   0.   3.   3.   0.    0.   3.   3.  28.   9.   9.   0.   0.  15.   9.   0. 
  0.   0.  37.  38.  31.   32.   6.   6.   0.   0.   0.   7.   0.   3.  45.   0. 
  1.   1.  23.  24.  12.   13.  10.  10.   0.   0.   0.   4.   0.   5.   0.   0. 
  0.   0.   3.   3.  15.   15.  18.  18.  20.   6.   6.   0.   0.  28.   6.  14. 
  0.   0.   0.   0.   0.    0.   0.   0.   6.   0.   0.   6.   6.   0.   0.   6. 
  6.   6.   0.   0.   6.    6.   0.   0.  12.   5.   0.  15.  12.   0.  30.  12. 
  0.   0.   1.   2.   0.    0.   1.   2.   0.   2.   2.   0.   0.   2.   2.   0. 
 22.  22.   0.   0.  16.   17.   5.   6.   0.   0.   0.   0.   0.   0.   0.   0. 
  0.   0.   0.   0.   0.    0.   0.   0.   0.   3.   3.   0.   0.   3.   3.   0. 
  2.   2.   0.   0.   2.    2.   0.   0.   0.   2.   2.   0.   0.   2.   2.   0. 
  0.   0.   7.   7.   0.    0.   7.   7.   0.  30.  12.  28.  20.  12.  12.   0. 
 27.  27.   2.   2.  11.   11.  40.  41.   0.   0.   0.   0.   0.   0.   0.   0. 
 11.  11.  12.  12.   0.    0.   1.   1.   0.   0.   0.  28.  24.   0.   0.   0. 
 14.  14.   1.   1.  15.   16.   0.   0.   0.  14.  14.   0.   0.  14.  14.   0. 
 20.  20.   0.   0.  12.   13.  11.  12.   0.  20.  20.   0.   0.  20.  20.   0. 
  0.   0.   3.   3.   1.    1.   2.   2.   0.   0.  26.   0.   0.  39.   0.   8. 
  2.   3.   2.   3.   0.    0.   0.   0.  33.   0.   0.  26.   0.  20.   0.   0. 
  6.   6.   3.   3.   9.    9.   0.   0.   0.   0.   8.   0.  10.   0.   0.   2. 
  0.   0.   3.   3.   4.    4.   7.   7.   7.  40.   0.   7.  17.   0.   0.  14. 
  5.   6.  11.  11.   0.    0.  14.  14.   0.   0.   0.   0.   0.   0.   0.   0. 
 17.  18.  23.  24.   6.    6.   0.   0.   0.   0.   0.   0.   0.   0.   0.   0. 
  1.   2.   4.   4.   9.    9.   3.   4.   0.  20.  20.   0.   0.  20.  20.   0. 
  0.   0.   2.   2.   0.    0.   2.   2.   0.  14.  14.   2.  11.  14.  14.   0. 
 12.  13.   0.   0.   0.    0.  12.  13.   0.   2.   2.   0.   0.   2.   2.   0. 
  4.   4.   1.   1.   0.    0.   5.   5.   0.   0.   0.   0.   0.   0.   0.   0. 
 11.  11.  17.  17.   0.    0.  14.  14.  13.  22.  38.   0.   0.  22.  22.   0. 
  0.   0.   0.   0.   0.    0.   0.   0.   5.  12.  12.   0.   0.  12.  34.   0. 
  2.   2.  20.  20.  15.   15.   3.   3.   5.   0.   9.   5.   5.   3.   0.   5. 
  3.   4.   0.   0.  14.   14.  13.  14.   0.  17.  17.   0.   0.  17.  17.   0. 
  9.   9.   0.   0.   9.    9.   0.   0.   0.   7.  17.   0.   0.   0.   0.   0. 
  2.   2.   0.   0.   2.    2.   0.   0.   0.  44.   0.   0.   0.   0.   0.  28. 
 14.  15.  11.  11.   0.    0.   5.   5.  20.  16.  16.  35.   0.  16.  16.   0. 
 15.  15.  12.  13.  17.   18.   0.   0.   1.   0.   0.  26.   1.   5.   0.   1. 
  0.   0.   0.   0.   0.    0.   0.   0.   0.   1.   1.   0.   0.   1.   1.   0. 
  0.   0.   0.   0.   0.    0.   0.   0.  12.   6.  14.  12.  28.   0.   0.  35. 
 38.  39.  21.  22.   1.    2.  15.  16.  16.   0.   0.  16.   4.   0.   0.   4. 
  2.   2.  15.  15.  17.   17.   0.   0.   0.  19.  31.   0.   0.  34.  19.  20. 
  0.   0.  20.  20.   0.    0.  20.  20.   0.   1.   0.  20.   0.   0.  46.   0. 
  0.   0.  22.  23.  22.   23.   0.   0.   0.   0.   0.  20.   8.   0.  32.   0. 
  4.   4.   2.   3.   2.    2.   8.   9.   0.   0.   0.   0.   0.   0.   0.   0. 
 22.  23.   0.   0.  22.   23.   0.   0.   0.  25.  28.   0.  14.  11.  11.  23. 
  0.   0.   4.   4.   0.    0.   4.   4.   0.   0.   0.   0.   0.   0.   0.   0. 
  2.   2.  12.  13.   0.    0.  13.  14.   0.   0.   0.   0.   0.   0.   0.   0. 
  1.   1.   0.   0.   0.    0.   1.   1.   1.   0.   0.   1.   1.   0.   0.   1. 
  0.   0.   5.   5.   7.    7.  12.  12.   0.  25.  25.   0.   0.  25.  25.   0. 
  0.   0.   0.   0.   0.    0.   0.   0.  10.   0.  17.  10.  12.   0.   0.  22. 
  8.   9.   0.   0.  21.   21.  19.  20.   2.   3.   0.   2.   2.   0.  16.   2. 
  4.   5.   0.   0.   4.    5.   0.   0.   0.   0.   0.   0.   0.   0.   0.   0. 
 17.  17.  15.  15.   2.    2.   0.   0.   5.  12.  38.   5.  24.   0.   0.   5. 
  0.   0.  11.  11.   0.    0.  11.  11.   0.   0.   0.   0.   0.   0.   0.   0. 
  0.   0.   6.   6.   0.    0.   6.   6.   0.   0.   0.   0.   0.   0.   0.   0. 
  3.   3.   1.   1.   6.    6.   2.   2.   0.  30.  30.   0.  22.  30.  30.  24. 
 15.  16.   4.   4.   8.    8.  27.  28.   8.  11.   0.   8.   8.   0.   0.  27. 
  0.   0.   0.   0.   0.    0.   0.   0.  17.  10.  10.   0.   0.  10.  10.   7. 
  0.   0.  16.  16.  15.   15.   1.   1.   0.   0.   0.   0.   0.   0.   0.   0. 
  3.   3.   0.   0.   3.    3.   0.   0.  10.   0.   0.  10.  10.   0.   0.  10. 
  4.   4.   0.   0.  11.   11.  15.  16.  18.   0.   0.   8.   8.   0.  42.   8. 
  0.   0.  17.  17.  17.   17.   0.   0.   0.   3.  27.   0.   4.   3.   3.  18. 
  2.   2.  21.  22.  23.   24.   0.   0.   0.   0.   0.  20.  21.   0.  12.   0. 
 10.  10.   0.   0.  17.   17.   7.   7.   5.  42.   0.   5.  16.   0.   0.  47. 
  0.   0.   9.   9.   0.    0.   9.   9.  16.   0.   0.   7.   0.  18.   0.   0. 
  2.   2.   5.   5.   4.    4.  10.  11.   0.  10.   0.   0.   0.   0.   0.  24. 
  0.   0.   0.   0.   0.    0.   0.   0.  46.   4.   4.   0.   0.  24.  10.   0. 
  0.   0.   0.   0.   0.    0.   0.   0.  22.   0.   0.  42.  22.  13.   0.  22. 
  0.   0.   0.   0.   0.    0.   0.   0.   9.  17.  23.   0.   0.  38.  17.   7. 
 29.  29.  25.  25.   0.    0.  10.  10.  32.   0.   0.  10.  10.   0.   0.  10. 
  1.   1.   0.   0.   1.    1.   0.   0.  15.   0.   0.  15.  15.   0.   0.  15. 
  0.   0.   0.   0.   0.    0.   0.   0.  14.   0.   0.  14.  14.   0.   0.  14. 
 15.  16.   0.   0.   4.    5.  19.  19.  12.   0.   0.  12.  12.   0.   0.  12. 
  5.   5.   0.   0.   5.    5.   0.   0.   0.  10.   4.   4.   0.   4.  16.   0. 
  2.   3.   0.   0.   2.    3.   0.   0.   9.   8.   8.  35.   0.  34.   8.   0. 
 12.  13.   0.   0.  12.   13.   0.   0.   8.   0.   0.   8.   8.   0.   0.   8. 
 17.  17.   0.   0.  17.   17.   0.   0.   0.   0.   7.   0.  28.   0.   0.   0. 
  7.   7.   0.   0.   7.    7.   0.   0.   0.   8.   8.   0.   0.   8.   8.   0. 
  8.   9.  16.  16.   0.    0.  11.  11.  26.   0.   0.  26.  26.   0.   0.  26. 
  8.   8.   2.   3.  15.   15.   4.   5.   0.   0.   0.   0.   0.   4.   0.  13. 
  0.   0.  21.  22.   0.    0.  21.  22.   0.  27.   0.   0.  14.   0.  21.   0. 
  0.   0.  20.  21.  30.   31.  10.  10.   0.   6.   6.   0.   0.  26.  24.   0. 
  7.   7.  12.  12.   0.    0.  17.  17.   0.   0.   0.   0.   0.   0.   0.   0. 
  0.   0.  17.  17.   0.    0.  17.  17.   0.  25.  26.   0.  41.  25.  25.  48. 
 14.  15.   5.   5.   0.    0.  10.  10.   2.   0.  12.   0.   0.   0.   0.   0. 
  0.   0.  18.  18.   0.    0.  18.  18.   9.   8.   0.  13.   9.   0.  32.   9. 
 26.  26.   0.   0.   6.    6.  20.  20.   0.   0.   0.  14.   0.   0.  12.   0. 
  1.   2.   1.   2.   0.    0.   0.   0.  39.   7.  11.   0.   0.  18.   7.   0. 
 13.  13.   8.   8.   0.    0.  21.  21.  20.   0.   0.  23.   6.   0.  28.   6. 
  1.   1.   5.   6.  11.   11.  17.  18.  33.   0.   0.   0.   0.   0.   0.   7. 
 11.  11.   0.   0.   5.    5.   6.   6.  36.   0.   0.   0.   0.   0.   1.   0. 
 29.  29.   3.   4.  14.   15.  11.  11.  23.  26.   0.  42.  23.   0.   0.  23. 
 23.  23.   9.   9.  14.   14.   0.   0.   3.  36.  31.   3.  20.   0.   0.   3. 
 11.  11.  11.  11.   0.    0.   0.   0.  23.   0.   0.   7.   0.   8.   0.   0. 
  5.   5.   0.   0.   0.    0.   5.   5.  12.   0.  49.  12.  12.   0.   0.  20. 
  4.   4.   0.   0.   0.    0.   4.   4.  15.   0.   0.  14.   0.   0.   8.   0. 
  8.   9.   0.   0.   8.    9.   0.   0.   0.  10.   0.  12.   0.   0.   1.   0. 
  1.   2.   8.   9.   7.    7.   0.   0.   9.   0.  31.   9.   9.   2.   0.   9. 
 12.  12.  17.  18.   0.    0.   5.   6.  14.   0.   0.   8.   7.  37.   0.   7. 
  0.   0.   0.   1.   8.    9.   8.   8.   6.   0.   0.   6.  38.   0.  30.   6. 
  0.   0.   0.   0.   0.    0.   0.   0.  37.   0.   6.   0.   0.   0.   0.  12. 
  9.   9.   9.   9.   0.    0.   0.   0.   0.  13.   2.  14.  44.   2.   2.   0. 
 11.  11.   0.   0.  11.   11.   0.   0.  28.  40.  15.  28.  33.   0.   0.  28. 
  3.   3.   7.   7.  10.   10.   0.   0.   0.   0.   0.   2.  10.   0.  48.   0. 
  8.   8.   0.   0.   0.    0.   8.   8.  43.  25.  37.   0.   0.  25.  25.  22. 
 15.  15.   0.   0.  15.   15.   0.   0.  10.  11.  11.  14.   0.  30.  30.   0. 
  0.   0.   3.   3.   0.    0.   3.   3.   2.  29.   0.  37.   2.   0.  14.   2. 
  0.   0.   0.   0.   0.    0.   0.   0.   0.   3.   3.   0.   0.   3.   3.   0. 
  0.   0.   2.   3.   0.    0.   2.   3.   0.   0.   0.   0.   0.   0.   0.   0. 
 13.  13.   0.   0.   0.    0.  13.  13.   0.  10.  10.   0.   0.  10.  10.   0. 
  6.   6.  21.  21.  12.   12.   3.   3.   0.  19.  33.   0.   8.  19.  19.   0. 
  6.   6.   0.   0.   2.    2.   4.   4.   0.   0.   0.   0.   0.   0.   0.   0. 
  4.   4.   0.   0.   4.    4.   0.   0.  12.  13.   0.  14.  12.   0.   0.  12. 
  0.   0.   2.   3.   0.    0.   2.   3.  32.   6.  16.   0.   0.   6.   6.   0. 
  0.   0.   7.   7.  23.   24.  16.  17.   4.   0.   0.   4.   4.  11.   0.  13. 
  0.   0.  19.  19.  22.   22.   3.   3.  30.   0.   0.  30.  30.  10.  12.  30. 
 31.  32.   6.   6.  13.   14.  12.  12.  23.   4.   4.  30.   0.   4.   4.   0. 
  0.   0.   9.   9.   0.    0.   9.   9.  42.   0.   0.   0.   0.  10.   0.  13. 
  0.   0.  11.  11.   0.    0.  11.  11.   0.  19.  19.   0.   0.  19.  19.   0. 
  5.   5.   0.   0.   0.    0.   5.   5.   4.   0.   0.   4.   4.   0.   0.   4. 
 19.  19.  32.  33.   1.    1.  12.  12.   0.   8.   8.   0.   0.   8.   8.   0. 
  0.   0.  12.  12.   0.    0.  12.  12.   2.  38.  10.   2.  30.   0.   0.  14. 
  7.   7.   0.   0.   7.    7.   0.   0.   0.   0.   0.  16.   0.  12.  22.   0. 
 10.  10.  12.  12.  11.   11.  33.  33.   4.   0.   0.   4.   4.   0.   0.   4. 
  0.   0.  17.  17.   0.    0.  17.  17.  16.   0.   0.   0.   0.   0.   0.  20. 
  1.   1.   9.   9.  10.   10.   0.   0.   0.   0.   0.   0.   0.   0.   0.   0. 
  0.   0.   7.   7.   0.    0.   7.   7.   0.  10.  10.  38.   5.  10.  10.   0. 
 18.  18.  15.  16.   6.    7.  40.  40.   2.  14.   0.   2.   2.   0.  36.   2. 
 13.  13.  30.  31.  17.   18.   0.   0.   0.   0.   0.  20.   0.  10.   0.   0. 
  0.   0.   4.   4.   4.    4.   0.   0.   0.   1.   1.  22.  24.   1.   2.   0. 
  0.   1.   4.   5.   0.    0.   4.   4.   0.  15.   0.  21.  38.   0.   0.   0. 
 18.  19.  11.  12.   7.    7.   0.   0.  35.   0.   0.  17.  15.   3.   0.  15. 
 14.  15.   0.   0.   0.    0.  14.  15.   0.  22.  22.   0.   0.  22.  22.   0. 
  0.   0.   0.   0.   0.    0.   0.   0.  12.   0.   0.  15.  12.  24.   8.  12. 
 19.  19.   0.   0.   0.    0.  19.  19.  16.   7.  26.  16.  16.   0.   0.  32. 
  3.   3.  20.  20.  34.   35.  12.  12.   0.  15.  15.   0.   0.  15.  15.   0. 
  2.   2.   0.   0.   0.    1.   1.   2.   0.   0.   0.   0.   0.   0.   0.   0. 
  0.   0.   5.   5.   8.    8.   3.   3.   0.   0.   0.   0.   6.   0.   0.  42. 
 14.  15.   5.   5.   9.   10.   0.   0.  27.   0.   0.   7.   0.  19.   0.   0. 
 11.  11.  15.  15.   0.    0.  18.  18.   2.  11.  12.   2.   2.   0.   0.   2. 
  0.   0.   3.   4.  14.   14.  17.  18.  16.   0.   0.   4.   4.  32.   0.  40. 
  5.   5.  15.  16.  12.   12.   0.   0.   6.   0.   0.   6.   6.   0.   0.   6. 
  0.   0.  20.  20.   0.    0.  20.  20.  14.  44.   0.  22.  18.   0.  48.  14. 
  0.   0.  13.  13.   9.   10.  19.  19.   0.   0.   0.   0.   0.  24.  17.   0. 
  9.   9.   0.   0.   9.    9.   0.   0.   0.   0.   0.   0.   0.   0.   0.   0. 
 42.  43.  26.  26.   0.    0.  17.  17.  16.  12.  24.  16.  16.   0.   0.  16. 
 23.  23.  17.  17.   0.    0.  32.  32.  11.   6.  50.  11.  11.   0.   0.  11. 
 15.  15.   0.   0.   4.    4.  19.  20.   0.  19.   0.   0.   0.   0.   1.   0. 
  0.   0.   0.   0.   0.    0.   0.   0.  48.   0.   0.   0.   0.   0.   0.  23. 
  0.   0.   0.   0.   0.    0.   0.   0.   3.   0.   0.  38.   0.  18.   2.   0. 
  1.   1.  16.  16.  34.   34.  17.  17.   9.   0.   0.   9.  45.   0.  17.   9. 
  6.   6.   7.   7.   1.    1.   0.   0.  16.   0.   0.  16.  16.   0.   0.  16. 
  0.   0.   0.   0.   0.    0.   0.   0.  25.   6.   6.   0.   0.   6.  36.   0. 
  3.   4.   0.   0.   3.    4.   0.   0.  13.   0.  15.   6.   6.  41.   0.  22. 
  0.   0.   0.   0.   0.    0.   0.   0.   3.   0.  16.   3.  20.   0.   0.   4. 
  0.   0.   0.   0.   0.    0.   0.   0.  18.   0.   7.  12.  12.  11.   0.  12. 
 16.  16.   1.   1.   1.    1.  14.  14.   0.  14.  48.   0.   0.   0.   0.   0. 
 14.  15.   7.   7.   0.    0.  12.  13.  13.   0.   0.  39.   7.   0.   0.   7. 
 16.  16.  25.  25.   0.    0.   9.   9.   0.  19.  19.   0.   0.  19.  19.   0. 
  0.   0.  33.  33.  18.   18.  15.  15.   0.   0.  20.   0.  14.   0.   0.  34. 
  0.   0.   0.   0.   0.    0.   0.   0.   0.  10.  10.   0.   0.  10.  10.   0. 
  0.   0.   8.   8.   0.    0.   8.   8.   0.   1.   9.   0.   0.  10.   1.   0. 
  0.   0.  11.  11.  11.   11.   0.   0.   0.   5.   5.   0.  12.   5.  22.   0. 
 19.  19.   0.   0.  19.   19.   0.   0.   0.   9.   9.   0.   0.   9.   9.   0. 
  0.   0.  11.  11.   0.    0.  11.  11.   0.  18.  18.   0.   0.  18.  18.   0. 
  8.   8.   0.   0.   8.    8.   0.   0.  20.   0.   4.   0.   0.   2.   0.  16. 
 16.  17.   9.  10.   7.    7.   0.   0.   0.   0.   0.   0.   0.   0.   0.   0. 
  4.   5.   0.   0.   4.    5.   0.   0.   0.   0.   0.   0.   0.   0.   0.   0. 
 14.  15.  46.  46.  11.   12.  20.  20.   8.   0.  18.   8.  10.   0.   0.   8. 
  0.   0.   0.   0.   6.    7.   6.   7.   0.  10.  10.   0.   0.  10.  10.   0. 
 24.  24.   0.   0.  24.   24.   0.   0.   4.   0.   0.   4.   4.   0.   0.   4. 
  9.   9.   0.   0.   9.    9.   0.   0.   6.   0.   0.   3.   3.  34.   0.   4. 
  3.   3.  22.  23.  19.   19.   1.   1.   0.  12.  12.  21.   0.  14.  12.   0. 
  0.   0.   0.   0.   5.    5.   5.   5.   0.   4.   0.   0.  34.   0.   0.  17. 
  5.   5.  16.  16.   0.    0.  11.  11.  36.   8.  36.   0.   0.  12.   8.   0. 
  4.   4.   0.   0.   4.    4.   0.   0.  21.   0.   0.  21.  21.   0.   0.  21. 
  6.   7.   9.   9.   2.    3.   0.   0.  14.   0.   0.  29.  14.  33.   0.  14. 
  9.   9.   8.   8.  21.   22.   4.   4.   0.   0.   0.   0.   0.  27.   8.   0. 
  1.   2.   0.   0.   1.    2.   0.   0.  27.  10.  10.  12.   0.  24.  10.   0. 
  2.   2.  15.  16.  32.   33.  15.  15.   0.   0.   0.   0.   0.   0.   0.   0. 
  0.   0.   0.   0.   0.    0.   0.   0.  37.   0.  46.   8.   8.   2.   0.  17. 
 22.  23.  12.  12.   0.    0.  10.  11.  17.   0.  11.   8.   8.   0.   0.   8. 
  0.   0.   4.   4.   0.    0.   4.   4.   6.   0.  28.   0.   0.   6.   0.  22. 
 28.  29.   3.   4.   0.    1.  32.  33.   2.   2.   0.   2.   2.   0.   0.  20. 
  6.   6.   0.   0.  11.   12.   9.  10.   3.   6.   6.   0.   0.   6.   6.  16. 
  0.   0.  19.  19.  21.   22.  24.  25.   2.   0.   0.   2.   2.   6.  23.   2. 
  1.   1.   0.   0.   1.    1.   0.   0.   0.   0.   0.   8.   0.  26.  34.   0. 
  0.   0.  21.  21.  12.   12.   9.   9.   0.   0.   0.   0.   0.   0.   0.   0. 
  0.   0.   0.   0.   0.    0.   0.   0.   0.   0.  10.   0.   0.  35.   0.   7. 
 19.  19.  43.  44.  47.   48.   0.   0.  10.   0.   0.  18.  10.   6.   0.  10. 
  0.   0.   8.   8.   0.    0.   8.   8.   6.  16.  16.   0.   0.  22.  16.  10. 
  1.   1.   0.   0.   1.    1.   0.   0.   0.   0.   0.  44.   4.   0.   2.   0. 
  6.   7.   4.   5.   3.    3.   0.   0.  22.   0.  27.  22.  22.  39.   0.  22. 
  7.   7.  23.  23.  30.   30.   0.   0.   0.  14.  14.  22.  34.  14.  35.   0. 
 19.  20.   0.   0.  20.   20.  39.  40.   0.  14.  14.   0.   0.  14.  14.   0. 
  7.   7.   7.   7.   0.    0.   0.   0.   3.  12.   0.  39.  23.   0.   0.   3. 
 16.  16.  15.  15.   0.    0.   1.   1.   0.   2.   2.   0.   0.   2.   2.   0. 
  0.   0.   3.   3.   3.    3.   0.   0.   0.   0.   0.   0.   0.   0.   0.   0. 
 28.  29.  35.  35.   6.    7.   0.   0.  11.   0.   0.  11.  11.   0.   0.  11. 
  3.   3.  10.  10.  13.   13.   0.   0.   0.   0.  30.   0.  21.   0.   0.   4. 
  3.   3.  20.  20.   0.    0.  23.  23.   0.   4.   4.   0.   0.   4.   4.   0. 
  0.   0.   0.   0.   0.    0.   0.   0.   0.  18.  20.   0.   0.  18.  18.   0. 
  5.   5.   0.   0.   5.    5.   0.   0.  23.   0.  17.   8.   8.  16.   0.  26. 
  7.   8.  28.  28.  24.   25.   0.   0.   0.  34.  34.  22.  29.  34.  34.   0. 
  9.   9.  27.  27.  17.   17.   1.   1.   0.   3.   3.   6.   7.   3.   3.   0. 
 30.  30.  10.  11.   0.    0.  19.  20.   0.   0.   0.   0.   0.   0.   0.   0. 
 29.  29.   5.   5.  11.   11.  13.  13.   0.  32.  24.  39.   0.  24.  24.   0. 
  0.   0.   5.   6.   0.    0.   5.   6.  28.   5.   5.  22.   0.  18.  12.   0. 
  6.   6.   2.   2.   8.    8.   0.   0.   0.   0.   0.   0.   0.   0.   0.   0. 
  4.   4.  14.  14.  18.   18.   0.   0.   0.   0.   0.   0.   0.   0.   0.   0. 
  0.   0.   9.   9.   9.    9.   0.   0.   0.   0.   0.   0.   0.   0.   0.   0. 
 11.  12.   0.   0.   0.    0.  11.  12.   0.  44.   6.   3.   0.   6.  41.   0. 
 16.  16.   2.   2.  14.   14.   0.   0.   2.   9.  12.   0.   0.  15.   9.   0. 
  2.   3.   0.   0.  20.   20.  17.  18.   0.   7.   7.   0.   0.   7.   7.   0. 
 37.  37.   0.   0.  30.   30.   7.   7.  16.   6.   0.  20.  16.   0.  42.  16. 
  0.   0.   0.   0.   0.    0.   0.   0.  12.   0.   0.  22.  12.  12.  12.  12. 
  2.   2.   0.   0.  14.   14.  12.  12.   0.  38.  10.   0.  48.  10.  10.  15. 
  0.   0.   2.   2.   0.    0.   2.   2.  23.   0.   0.  23.  43.   0.   9.  23. 
  0.   0.   0.   0.   0.    0.   0.   0.   0.  26.   8.   9.  24.   8.   8.   0. 
  3.   3.   4.   4.   0.    0.   7.   7.  32.  22.  22.   2.   0.  22.  50.   0. 
  0.   0.   0.   0.  12.   12.  12.  12.  31.   2.   2.   0.   0.  14.   2.  23. 
  0.   0.   7.   8.   0.    0.   7.   8.   1.   0.   6.   0.   0.  10.   0.  24. 
  5.   5.   0.   0.   5.    5.   0.   0.   8.   0.   0.  20.   0.  16.   6.   0. 
 10.  10.   0.   0.  12.   13.  19.  20.   0.   4.   4.   0.   0.   4.   4.   0. 
  1.   1.   8.   9.   0.    0.   7.   8.  37.   8.   8.  17.   0.   8.   8.   0. 
  3.   3.   0.   0.   3.    3.   0.   0.   0.  18.  25.   0.  35.  11.  11.  17. 
 13.  13.   0.   0.  13.   13.   0.   0.  13.   0.   0.   0.   0.   0.  23.   0. 
  7.   7.   0.   0.   7.    7.   0.   0.   0.  28.   5.  15.   2.   5.   5.   0. 
  0.   0.  11.  11.   0.    0.  11.  11.  22.   0.   0.  12.   2.  17.   2.   2. 
 22.  22.  38.  38.  16.   16.   0.   0.   0.   0.   0.   0.   0.   0.   0.   0. 
  7.   7.   0.   0.   7.    7.   0.   0.   0.   8.   8.  38.   3.   8.   8.   0. 
 27.  27.  19.  20.  17.   17.   0.   0.   1.   0.  32.   1.  28.   0.   0.   1. 
  0.   0.   0.   0.  18.   18.  18.  18.   4.   0.   0.   0.   0.  50.   0.   2. 
  4.   4.   9.   9.   6.    6.  19.  20.  34.   0.   0.  10.  10.   0.   7.  10. 
  0.   0.   8.   8.   1.    1.   9.   9.  19.   0.   0.  19.  19.   0.   0.  19. 
  3.   3.   0.   0.  15.   15.  16.  16.   1.   0.   0.   1.   1.   0.   0.   1. 
  0.   0.   0.   0.  14.   14.  14.  14.   0.   0.   0.   0.   0.  20.   0.  42. 
  0.   0.   0.   0.   0.    0.   0.   0.   7.  12.   0.   7.  11.   0.  22.   7. 
  1.   1.   0.   0.   1.    1.   0.   0.   1.   0.   0.  37.   0.   0.   0.   0. 
  0.   0.  12.  13.  12.   13.   0.   0.   0.  27.  27.  40.  28.  27.  31.   0. 
  0.   0.   0.   0.   0.    0.   0.   0.  25.   2.   2.   0.   0.   2.  14.   0. 
  0.   0.  15.  15.   0.    0.  15.  15.   0.   0.   0.   0.   0.   0.   0.   0. 
  3.   3.   0.   0.  17.   17.  20.  20.  33.   6.   6.   0.   0.   6.   6.   1. 
  7.   7.   0.   0.   7.    7.   0.   0.   0.   6.  34.   0.  33.   6.   6.   0. 
  0.   0.   0.   0.  22.   23.  22.  23.  12.   1.   0.  12.  24.   0.  29.  12. 
 10.  10.  17.  18.   7.    8.   0.   0.   0.   8.   8.  14.   9.   8.   8.   0. 
  3.   3.   0.   0.  15.   15.  18.  19.   0.  16.   8.   0.   0.   8.   8.  18. 
 11.  12.   5.   5.   3.    3.   4.   4.  20.   0.   0.  18.  10.   0.   0.  10. 
 23.  23.   0.   0.   8.    8.  22.  23.   0.   4.   0.   0.   0.   0.  16.   0. 
  5.   5.   0.   0.   5.    5.   0.   0.   0.  10.  26.   0.   0.  12.  10.   0. 
  2.   2.  15.  15.  17.   17.   0.   0.   0.   0.   0.   0.   0.   0.   0.   0. 
  0.   0.  14.  14.   5.    5.  19.  19.   8.   0.   0.   0.   0.  12.   9.   0. 
  2.   2.  27.  27.  25.   25.   0.   0.   0.   8.   8.  29.  17.   8.   8.   0. 
 19.  19.  13.  14.  23.   23.   0.   0.   3.   0.   0.   3.   3.   0.   0.   3. 
 20.  20.   0.   0.   0.    0.  20.  20.   0.   2.  12.   0.   0.   0.   0.  38. 
  0.   0.   0.   0.   0.    0.   0.   0.   3.   0.   0.   3.   3.   0.   0.   3. 
 10.  10.  10.  10.   0.    0.   0.   0.  38.   4.   4.   4.   0.  16.   4.   0. 
  1.   1.   3.   4.   0.    0.   2.   3.   0.  38.  16.   0.  36.  16.  16.   0. 
  5.   5.   0.   0.   5.    5.   0.   0.   4.  31.   0.  20.   4.   0.   0.   4. 
 11.  11.   0.   0.  26.   26.  15.  15.   0.   0.   0.   0.   0.  16.  15.   0. 
  9.  10.   1.   1.   0.    0.  10.  11.   0.   0.   0.   0.   0.   0.   0.   0. 
 10.  10.   0.   0.   9.    9.  18.  19.  12.   0.   0.  10.  10.   0.  17.  10. 
  3.   4.   6.   7.   0.    0.  10.  10.   0.  26.   0.  32.   0.   0.  17.   0. 
  0.   0.  16.  17.   0.    0.  16.  17.   8.  20.  21.   8.  14.   0.   0.  18. 
  1.   2.   0.   0.   1.    2.   0.   0.   0.   0.   0.   0.   0.   0.   0.   0. 
  0.   0.  14.  14.  14.   14.   0.   0.  39.   0.   0.  39.  39.   0.   0.  39. 
  4.   4.   2.   2.   2.    2.   0.   0.  34.   2.   2.  34.   0.  35.   2.   0. 
  0.   0.  15.  15.   0.    0.  15.  15.   8.   0.   0.   8.   8.   0.   0.   8. 
  0.   0.  19.  19.   0.    0.  19.  19.   0.   0.   0.   0.   0.   0.   0.   0. 
  6.   7.   0.   0.   0.    0.   6.   7.  28.   0.   0.  34.   0.   0.   6.   0. 
  0.   0.   2.   2.   0.    0.   2.   2.   0.  18.   0.  10.   6.   0.   4.   0. 
  9.  10.   0.   0.   0.    0.   9.  10.  33.   0.  12.   0.   0.   0.   0.   4. 
  0.   0.   2.   2.   0.    0.   2.   2.   0.  37.   0.   7.  32.   0.  45.   0. 
 31.  31.  29.  29.   2.    2.   0.   0.   0.   8.   0.  14.  24.   0.   0.   0. 
 12.  12.   0.   0.  14.   14.  26.  26.  14.  10.  10.   0.   0.  10.  10.  22. 
 21.  21.  19.  19.   4.    4.   0.   0.  10.   0.   9.  10.  32.   0.   0.  10. 
  0.   0.  17.  17.   0.    0.  17.  17.   6.   0.   0.   6.   6.   0.   0.   6. 
  8.   9.   0.   1.   9.    9.  18.  18.   0.   0.   0.   0.   0.   0.   0.   0. 
  0.   0.   1.   1.  11.   12.  11.  11.   0.   0.   0.   0.   0.   0.   0.   0. 
  0.   0.   0.   0.   0.    0.   0.   0.   8.   3.  19.   0.   0.  11.   3.  44. 
 14.  14.  20.  20.   0.    0.   6.   6.   6.   0.   0.   6.   5.   4.   0.   5. 
  0.   0.   0.   0.   0.    0.   0.   0.  16.   0.   0.   8.   0.   2.   6.   0. 
  8.   8.   0.   0.  12.   13.   6.   7.  10.   2.   2.   0.   0.   2.   2.  10. 
  2.   2.  16.  17.  23.   24.   5.   5.   0.   6.   6.   0.   0.   8.  26.   0. 
  0.   0.   0.   0.  11.   11.  11.  11.   4.   0.   0.   0.   0.  16.   0.   9. 
 26.  27.  18.  18.   2.    3.   6.   6.   0.  47.  15.   9.   0.  15.  15.   0. 
 25.  25.   0.   0.   9.    9.  16.  16.   0.   4.  50.   0.   0.   0.   0.  11. 
  2.   3.   4.   5.  11.   11.  18.  18.   1.  14.  14.   0.   0.  14.  24.   0. 
 20.  21.  30.  30.   0.    0.   9.  10.  14.   0.   0.  14.   6.  49.   0.   6. 
 29.  29.   0.   0.  42.   42.  23.  23.  10.  40.   0.  10.  10.   0.   0.  10. 
  0.   0.   6.   6.   0.    0.   6.   6.   0.   1.   1.   0.   0.   1.   1.   0. 
  8.   8.   0.   0.   8.    8.   0.   0.   0.  17.  13.  19.   0.  13.  13.   0. 
 16.  16.   0.   0.  16.   16.   9.   9.   6.  16.  16.   0.   0.  16.  16.  38. 
  0.   0.  27.  28.  27.   28.  13.  13.   0.   4.   4.   0.  21.   4.  12.   0. 
  0.   0.   6.   6.   0.    0.   6.   6.   0.   0.   0.   0.   0.   0.   0.   0. 
 26.  26.   4.   5.   0.    0.  30.  31.  26.   0.   0.  30.   8.   0.  26.   8. 
  8.   8.  26.  26.   0.    0.  34.  34.   0.  10.   0.  26.   0.   0.  30.   0. 
  0.   0.   3.   4.   0.    0.   3.   4.  14.   1.  14.  14.  14.   0.   0.  28. 
 21.  21.   4.   4.  17.   17.   0.   0.   0.   0.   0.   0.   0.   0.   0.   0. 
 16.  16.   9.  10.   6.    7.   0.   0.  13.   0.   0.  27.  11.  26.   0.  11. 
 10.  10.   1.   1.   0.    0.   9.   9.   0.   3.  34.   0.   0.   0.   0.   0. 
  0.   0.  48.  48.  41.   41.  13.  13.   0.   0.   0.   0.   0.   0.   0.   0. 
 32.  32.   0.   0.  14.   14.  22.  22.   2.  24.   0.   2.   2.   0.   0.   4. 
  6.   6.  12.  12.  18.   18.   0.   0.   1.   0.   2.   1.   2.   0.   0.  25. 
  0.   0.  12.  12.  11.   11.   7.   7.   0.   0.   0.   0.   0.   0.   0.   0. 
  0.   0.  14.  14.   0.    0.  14.  14.   0.  10.  10.   0.   0.  10.  10.   0. 
  1.   1.  13.  13.  14.   14.   0.   0.   6.   0.  28.   6.   6.  21.   0.  14. 
  0.   0.  17.  18.   0.    0.  17.  18.   1.   8.   8.   0.   0.  18.   8.   3. 
  5.   5.   1.   1.   6.    6.   0.   0.   9.   0.   0.  45.  29.   0.   0.   9. 
  0.   0.  21.  21.  25.   25.  31.  31.   0.   0.   0.   0.   0.  16.   0.  14. 
  0.   0.  19.  19.   0.    0.  19.  19.  30.   0.   0.  30.  30.   0.   0.  30. 
 13.  13.   0.   0.  12.   12.  24.  25.   0.  14.   0.   0.   0.   0.   0.  11. 
  8.   9.   0.   0.   0.    0.   8.   9.  41.   8.   8.   0.   0.   8.   8.   0. 
 10.  10.   0.   0.  10.   10.   0.   0.   0.  15.  15.   0.   0.  15.  15.   0. 
 21.  21.   0.   0.   2.    2.  19.  19.  14.   6.   6.  14.   0.   6.  12.   0. 
  7.   7.   0.   0.   7.    7.   0.   0.  12.   0.   0.   3.   3.   8.   2.   3. 
  0.   0.   1.   2.   3.    3.   4.   5.  21.   0.   0.   0.   0.  25.   0.  13. 
  2.   2.   4.   4.   0.    0.   2.   2.  10.   6.  13.  10.  47.   0.   0.  10. 
  0.   0.   0.   0.   0.    0.   0.   0.   3.   2.   0.  28.   8.   0.   4.   3. 
  6.   6.  10.  10.   2.    3.  18.  19.   0.  47.   0.   0.   0.   0.   0.  13. 
  3.   3.  18.  18.  10.   10.   5.   5.  12.   0.   0.  12.  12.   0.   0.  12. 
  0.   0.   0.   0.   0.    0.   0.   0.   0.   8.  18.   0.   0.   4.   4.   0. 
  0.   0.   0.   0.   0.    0.   0.   0.   4.   8.  10.   4.  10.   0.   0.   8. 
  0.   0.   0.   0.   0.    0.   0.   0.  11.   0.  39.  11.  11.  19.   0.  32. 
 26.  27.  22.  22.   0.    0.   4.   4.  11.   0.   8.   4.   4.   0.   0.   4. 
  0.   0.   0.   0.   0.    0.   0.   0.   3.   0.   0.  12.   3.  10.   5.   3. 
  0.   0.  20.  20.   0.    0.  20.  20.   3.   0.   0.   3.   3.   0.   0.   3. 
  5.   5.  25.  25.  10.   10.  40.  40.  41.  15.  15.   0.   0.  15.  15.  17. 
  3.   3.   0.   0.   3.    3.   0.   0.   0.   6.   6.   0.   0.   6.   6.   0. 
  0.   0.   0.   0.   0.    0.   0.   0.  20.  17.  17.  14.   0.  18.  26.   0. 
 12.  13.   5.   6.   7.    7.   0.   0.   6.   0.  21.   4.   4.  35.   0.   4. 
  0.   0.   0.   0.   0.    0.   0.   0.   0.   0.   0.   1.   0.  16.  31.   0. 
 15.  15.  14.  14.   0.    0.  29.  29.   0.  11.  17.   0.   0.   6.   6.  46. 
  0.   0.   8.   8.   3.    4.  11.  12.   0.   0.   0.   0.   0.   0.   0.   0. 
  5.   5.   0.   0.   5.    5.   0.   0.  16.   0.   0.  16.  16.   0.   0.  16. 
  6.   6.  21.  21.   0.    0.  15.  15.   0.  11.   6.  23.   2.   6.   6.   0. 
 24.  24.  31.  31.   7.    7.   0.   0.  12.   0.   0.  30.  12.  18.   0.  12. 
  0.   0.   0.   0.   0.    0.   0.   0.   8.   0.   0.   8.   8.   0.   0.   8. 
  0.   0.   0.   0.   0.    0.   0.   0.   0.   5.   1.   0.   0.   0.   0.   0. 
 19.  19.   0.   0.   0.    0.  19.  19.  21.  12.  26.   0.   0.  12.  12.   6. 
  5.   5.   9.  10.   0.    0.   4.   5.   8.   0.   4.   6.   6.   4.   0.   6. 
  0.   0.   0.   0.   0.    0.   0.   0.   8.   0.   0.   8.   8.   0.   0.   8. 
  0.   0.   0.   0.   0.    0.   0.   0.  15.   0.   0.   0.   0.   0.   0.  28. 
 11.  11.   0.   0.  11.   11.   0.   0.   0.   2.   8.   0.   0.   4.   2.   0. 
  0.   0.   0.   0.   0.    0.   0.   0.   0.  26.   6.   0.  14.   0.   0.  36. 
  0.   0.  20.  20.   0.    0.  20.  20.   3.   0.   0.   3.   3.   0.   0.   3. 
  0.   0.   2.   3.   1.    2.   1.   1.   0.   0.   0.   0.   0.   0.   0.   0. 
  9.   9.  10.  10.  20.   20.   1.   1.   0.   0.   0.   0.   0.   7.   0.  30. 
 19.  19.   0.   0.  11.   11.  29.  30.   0.   0.   0.   0.   0.   0.   0.   0. 
