  frez       Ax       Bx       By       Cy       Cx      Dx        Dy       Ay
2914.018   -2.259   -2.417    2.465    2.445    2.194    2.086   -2.057   -2.038 
3077.771   -2.604   -2.873    1.634    1.094   -2.772   -2.637    1.949    2.043 
3079.100    2.224    2.150    2.895    3.275    1.197    0.846    2.312    2.313 
3116.626   -1.860   -1.454   -1.802   -1.699    2.936    2.622    2.542    2.851 
3155.291   -2.539    2.071   -3.798    3.956   -0.011   -0.606   -0.426    0.282 
3163.814   -3.754    3.978    2.502   -2.111   -0.510    0.516   -0.589    0.464 
3179.807    0.290   -0.266   -0.478    0.600   -4.346    4.738    0.177    0.091 
3182.553   -0.743    0.541   -0.041    0.017    0.057    0.040    4.644   -4.446 
2918.444    2.194    2.164   -2.090   -2.127   -2.261   -2.512    2.446    2.209 
3078.843    3.257    3.225   -0.985   -1.015    2.459    3.242   -1.248   -0.626 
3086.691    0.854    0.964    3.119    3.066    1.293    0.906    3.223    2.843 
3118.550    2.065    2.234    2.531    2.258   -2.155   -2.498   -2.259   -2.249 
3164.977    0.743   -0.420   -0.375   -0.175    4.154   -3.276    2.178   -2.843 
3173.378    4.381   -4.306   -1.167    1.474   -0.613    0.399   -0.251    0.290 
3176.576    0.141   -0.058    0.553   -0.516   -2.571    2.541    3.660   -3.872 
3183.711   -1.236    1.415   -4.318    4.409   -0.293    0.194    0.430   -0.543 
2913.937    2.362    2.340   -2.191   -2.065   -2.070   -2.224    2.359    2.373 
3071.464   -2.656   -2.661    1.848    1.854   -2.054   -2.177    2.399    2.367 
3079.748    2.271    2.221    3.052    2.602    1.864    1.936    1.750    2.254 
3109.233    1.671    1.708    2.117    2.211   -3.056   -2.549   -1.820   -2.703 
3157.790   -4.519    4.531    0.220   -0.235   -0.229    0.177   -0.418    0.422 
3160.247   -0.389    0.393    1.131   -1.204    1.951   -1.374    4.260   -3.832 
3169.592    0.269   -0.262    3.666   -3.734    1.604   -2.260   -2.092    1.503 
3180.546   -0.079    0.336   -2.168    2.636    3.743   -3.841   -1.057    0.692 
2919.555    2.219    2.340   -2.269   -2.152   -2.151   -2.276    2.375    2.259 
3071.701    2.527    2.328   -2.121   -2.081    1.809    1.838   -2.547   -2.744 
3088.099    2.247    2.243    2.067    2.045    2.547    2.640    2.250    2.181 
3110.581    2.514    1.656    2.394    2.928   -2.600   -2.172   -1.396   -2.182 
3159.491    2.298   -2.878    0.905   -1.312    1.242   -0.892    3.629   -3.156 
3171.273   -1.206    0.667   -3.030    2.605   -2.312    2.716    2.525   -2.219 
3173.540    3.325   -3.580   -0.730    0.271   -2.259    2.442   -1.561    1.984 
3181.121    1.020   -1.178   -3.400    3.383    2.935   -2.702   -0.590    0.676 
2923.628   -2.187   -2.188    2.359    2.373    2.326    2.309   -2.155   -2.170 
3081.640    0.580    0.514   -3.315   -3.504    1.960    1.690   -2.338   -2.354 
3084.313    2.907    3.058    1.221    0.999    3.024    2.895    1.392    1.397 
3116.853    2.479    2.744    1.446    1.475   -1.908   -1.660   -2.971   -2.943 
3163.662   -0.638    0.466    4.267   -4.089    1.580   -1.913    0.001   -0.007 
3170.938   -0.700    0.575    1.560   -1.776   -4.081    4.285    0.505   -0.445 
3181.569    4.472   -4.250    0.769   -0.591   -0.284    0.229    1.191   -1.275 
3184.696   -1.163    1.142   -0.381    0.369    0.507   -0.539    4.410   -4.393 
2926.129   -2.190   -2.210    2.241    2.320    2.350    2.282   -2.260   -2.237 
3084.955    1.126    1.215    2.258    2.522    1.804    1.910    3.343    3.065 
3087.221   -3.049   -2.808    1.544    1.476   -2.741   -2.769    1.379    1.716 
3118.065    2.658    2.230    2.645    2.859   -1.848   -2.291   -1.732   -1.711 
3169.893    0.902   -1.078    0.688   -0.517   -3.080    2.720    3.244   -3.425 
3176.461    1.789   -2.254   -0.843    0.535    3.278   -3.268    2.519   -2.231 
3180.788    0.100    0.054    4.611   -4.369    1.016   -0.865    0.053    0.048 
3184.329    3.923   -4.066    0.149   -0.204   -0.871    1.040   -1.902    2.184 
2913.609   -2.141   -2.060    2.108    2.158    2.184    2.436   -2.544   -2.330 
3075.469   -0.629   -0.660    3.229    3.244    0.102   -0.557    3.437    2.743 
3082.975    3.232    3.126    0.344    0.345    2.839    3.477    0.252    0.976 
3116.668    2.283    2.506    2.488    2.206   -2.061   -2.427   -2.264   -1.985 
3158.109   -0.010   -0.698    0.047    0.339   -2.072    1.218   -3.802    4.549 
3171.533    1.593   -1.453   -3.201    3.048    2.952   -2.699   -1.036    0.791 
3174.641    0.716   -0.552   -2.760    3.136   -3.402    2.858    1.390   -1.441 
3180.892   -4.259    4.272   -1.631    1.520    0.451   -0.359   -0.371    0.550 
2918.499   -2.163   -2.207    2.296    2.472    2.371    2.196   -2.171   -2.143 
3076.232    2.096    1.369   -2.380   -2.487    1.157    1.317   -2.808   -3.512 
3078.657    3.264    3.335    1.824    2.100    2.424    1.855    1.273    1.011 
3110.860    1.620    1.034    2.472    2.045   -3.254   -2.815   -1.583   -2.570 
3159.966   -2.385    2.847    3.343   -3.235   -0.921    1.207   -1.611    1.110 
3165.646    2.243   -2.907    2.867   -2.826   -0.240    0.960    2.870   -1.689 
3176.974    1.037   -0.811   -0.903    1.174   -4.026    4.487   -0.781    1.074 
3179.946    2.702   -2.331    0.961   -0.774    0.991   -1.229   -3.701    3.416 
2906.298    1.991    2.142   -2.448   -2.306   -2.246   -2.413    2.263    2.117 
3054.346    1.282    1.354   -2.864   -3.154    2.458    2.235   -2.055   -1.978 
3075.280    1.894    2.022    1.384    1.247    2.782    2.917    2.749    2.543 
3098.784   -3.506   -2.997   -1.322   -2.513    1.493    0.708    1.891    2.377 
3139.582    1.092   -0.277    3.752   -2.971    2.537   -3.064    0.454   -0.921 
3154.207   -0.500    0.368   -2.780    2.928    3.655   -3.364    0.154   -0.134 
3158.014    0.997   -1.726   -0.873    0.376   -0.388    0.659    4.351   -4.141 
3177.629   -4.215    4.361    0.762   -0.454   -0.200   -0.002    1.264   -1.685 
2916.425    2.465    2.339   -2.212   -2.087   -2.079   -2.136    2.234    2.436 
3075.519    2.055    1.368    1.959    1.909    2.416    3.125    2.477    2.463 
3082.185   -2.283   -2.538    2.207    1.939   -2.147   -2.175    2.445    2.453 
3113.928    2.758    2.091    2.761    2.859   -1.549   -2.283   -2.219   -1.162 
3158.262    1.915   -2.795    0.019   -0.936    1.790   -1.039   -3.412    3.638 
3168.927   -3.696    3.742   -0.799    1.181    1.291   -0.844   -1.876    2.497 
3175.618    0.231   -0.524   -2.192    2.118   -3.943    3.473   -1.730    1.337 
3182.291    0.907   -1.178   -3.886    3.905    2.078   -1.826    1.109   -0.852 
2913.370    2.230    2.283   -2.398   -2.380   -2.207   -2.071    2.157    2.264 
3070.056    0.788    0.762    3.083    2.934    0.806    0.730    3.107    3.338 
3080.383    3.347    3.400   -0.601   -0.123    2.869    2.747   -0.940   -1.321 
3108.985   -1.942   -1.810   -2.718   -1.985    2.567    2.932    1.993    2.004 
3157.680   -0.499    0.480   -3.849    4.224    0.921   -1.477   -1.714    1.549 
3162.704    1.579   -1.733   -1.712    2.038   -0.853    0.354    3.870   -3.640 
3166.308    4.235   -4.183    0.202   -0.456    0.881   -0.649   -1.563    1.544 
3179.345   -0.494    0.271    0.625   -0.986    4.364   -4.257    1.424   -1.106 
2909.513   -2.278   -2.413    2.224    2.080    2.017    2.128   -2.462   -2.344 
3060.989    2.160    2.163   -2.215   -2.047    0.943    0.852   -3.299   -3.169 
3076.548    2.587    2.526    1.585    1.569    2.833    3.277    1.749    1.269 
3103.247   -2.262   -1.581   -2.781   -3.187    2.483    2.488    1.308    1.362 
3143.513    1.558   -1.919    0.165   -0.571   -0.133    0.006    4.057   -4.267 
3155.719    3.943   -3.919    1.125   -1.461    0.834   -0.542   -1.578    1.913 
3167.460   -1.203    1.594    3.447   -3.044    2.824   -2.902    0.294   -0.423 
3176.997    0.338   -0.478   -2.880    2.960    3.734   -3.257    0.271   -0.029 
2919.865    2.470    2.310   -2.261   -2.294   -2.127   -2.114    2.142    2.311 
3072.368    1.021    1.109    3.542    4.044   -1.057   -0.288    1.950    2.239 
3076.828    3.000    3.031    0.445   -0.605    3.706    2.973   -0.308   -0.058 
3110.680   -1.766   -2.505   -0.550   -1.048    2.406    1.587    3.257    3.460 
3153.706   -2.672    2.243    3.838   -3.304    0.634   -1.668    0.566   -0.343 
3165.280    3.591   -3.562    2.400   -1.614    0.974   -2.093   -1.407    0.700 
3179.688    1.220   -1.221    1.553   -1.841   -3.209    3.629    2.293   -2.149 
3181.934   -0.779    0.412    0.610   -1.068   -2.147    2.398   -3.918    3.763 
2905.372   -1.999   -2.189    2.393    2.262    2.121    2.278   -2.440   -2.242 
3052.977    1.326    1.327   -2.870   -2.928    1.173    1.100   -3.070   -2.909 
3076.554    2.093    2.238    0.492    0.461    3.404    3.629    2.031    1.632 
3097.223   -3.418   -2.735   -1.896   -3.048    1.611    1.175    1.217    1.932 
3141.079   -1.174    1.460   -1.891    2.043   -0.946    1.014   -3.656    3.808 
3148.416    0.880    0.282    3.904   -3.076    1.372   -1.733   -2.417    2.239 
3161.811   -0.646    0.635   -1.650    1.862    4.286   -4.024    0.039   -0.081 
3175.429   -4.149    4.469    1.334   -0.832   -0.392    0.063    0.761   -1.270 
2900.990    2.218    2.039   -1.958   -2.126   -2.243   -2.345    2.515    2.421 
3058.172    1.445    1.467    2.360    2.439    2.232    2.213    2.838    2.690 
3069.177   -3.365   -3.064    1.310    1.473   -1.586   -2.333    2.422    1.669 
3099.818    1.536    2.139    3.269    2.522   -1.819   -3.083   -1.650   -1.322 
3138.599    0.241   -0.816   -0.138    0.329   -0.295    0.042   -4.168    4.760 
3151.272    2.599   -2.387   -2.234    1.980    3.318   -2.958    0.134   -0.393 
3159.501   -3.364    3.260   -0.118   -1.059    3.468   -2.420   -0.437    0.659 
3174.418   -1.535    2.025   -3.833    4.171   -1.575    0.961   -0.057   -0.127 
2907.078   -2.267   -2.235    1.984    2.007    2.047    2.290   -2.655   -2.401 
3066.360    2.626    2.641   -1.965   -1.973    0.767    1.408   -3.329   -2.418 
3076.443    2.449    2.438    2.188    2.186    2.520    2.719    1.668    1.863 
3112.734   -1.510   -1.658   -2.910   -2.766    2.478    3.058    1.359    1.792 
3144.431   -0.207   -0.182    0.196    0.345   -1.210    0.306   -4.130    4.727 
3157.725    4.561   -4.515   -0.330    0.423    0.140   -0.204   -0.081   -0.017 
3175.999   -0.136    0.230   -0.308   -0.051    4.814   -4.160   -0.925    0.717 
3179.785   -0.337    0.409   -4.534    4.606   -0.176    0.076    0.083   -0.120 
2913.130    2.074    2.137   -2.154   -2.094   -2.332   -2.529    2.419    2.226 
3070.389   -2.562   -2.604    2.144    2.163   -2.541   -2.844    1.601    1.257 
3081.949    1.262    1.290    2.195    2.164    2.251    2.101    3.140    3.084 
3111.750   -2.985   -2.660   -2.410   -2.803    1.862    1.318    1.695    1.980 
3151.849    0.582   -0.254    0.720   -0.635    4.169   -3.984    1.535   -2.102 
3165.482    0.848   -1.132   -0.342   -0.034   -1.679    2.062    4.103   -3.967 
3175.220   -2.426    2.310   -3.844    3.788    0.655   -0.473    0.656   -0.723 
3178.327   -3.668    3.874    2.547   -2.316   -0.474    0.337    0.740   -0.947 
2912.669    2.161    2.259   -2.438   -2.407   -2.271   -2.125    2.124    2.197 
3071.409    1.376    1.214    2.911    2.865    1.132    1.067    3.115    3.027 
3081.883    2.457    2.959   -1.718   -0.973    3.246    3.204   -0.984   -1.065 
3111.821    2.346    2.817    2.281    1.904   -1.723   -2.311   -2.646   -2.008 
3155.926   -0.455    0.038   -4.111    4.394    1.116   -1.671   -0.611    0.790 
3166.065   -1.311    1.474   -0.968    1.509   -2.685    2.085    3.237   -3.551 
3174.802    4.194   -3.599   -0.816    0.999   -2.238    2.111   -0.549    0.025 
3175.707    2.059   -1.762    0.255   -0.447    2.859   -2.963    2.866   -3.039 
2926.227   -2.281   -2.329    2.256    2.212    2.290    2.310   -2.217   -2.198 
3079.881    2.705    2.776   -0.802   -1.098    3.556    3.453   -0.043   -0.297 
3088.351    0.494    0.446    2.971    3.170    0.299    0.950    3.462    3.080 
3114.215   -2.805   -2.745   -2.015   -2.604    1.668    1.550    2.460    2.054 
3165.338   -0.268    0.138   -1.873    1.204   -4.092    4.165    0.879   -1.351 
3175.365    4.323   -4.246    0.688   -0.720   -0.154   -0.004    1.375   -1.542 
3180.348   -1.412    1.587    3.468   -3.120   -0.707    0.120    2.547   -2.979 
3183.968    0.639   -0.556    2.704   -2.667   -1.875    1.899   -3.104    3.208 
2909.161    2.291    2.174   -2.112   -2.192   -2.171   -2.089    2.403    2.517 
3061.048    0.733    0.645    2.603    2.654    1.663    1.868    3.269    3.054 
3078.523    3.353    3.348   -0.777   -0.819    2.571    2.583   -1.528   -1.479 
3103.211    1.787    2.119    3.084    2.696   -2.147   -2.820   -1.911   -0.858 
3142.366    0.439   -0.974   -0.616    0.119    1.243   -0.504   -4.111    4.571 
3162.282   -3.693    3.419    2.473   -2.808   -0.394    0.765   -0.730    1.030 
3169.102   -2.534    2.570   -2.873    2.678    2.615   -2.493    0.479   -0.215 
3172.175   -0.974    1.177   -2.329    2.585   -3.796    3.461   -0.869    0.594 
2898.849    2.160    2.088   -1.925   -2.117   -2.504   -2.603    2.312    2.118 
3054.622    3.417    3.203   -0.111    0.074    2.880    3.210    0.255    0.533 
3073.749   -0.760   -0.529    2.581    2.947    0.940   -0.312    3.698    3.230 
3102.952    2.167    2.100    2.922    2.857   -1.437   -2.619   -1.709   -1.935 
3134.791    0.338   -0.525   -1.420   -0.180    4.673   -3.902    0.476   -1.103 
3152.951   -4.300    4.523    0.385   -0.655    0.690   -0.554   -0.809    0.667 
3159.712    0.690   -0.823   -0.516    0.620    0.522   -0.853   -4.259    4.540 
3177.324    0.614   -0.736    4.529   -4.407    0.841   -0.459   -0.261    0.460 
2907.098    2.374    2.275   -2.043   -1.984   -2.254   -2.471    2.294    2.232 
3060.738    3.234    2.951   -0.712   -0.798    3.019    3.300   -0.813   -0.240 
3083.628    0.741    0.228    3.155    3.216    0.897    0.691    3.036    3.204 
3108.445    2.472    2.045    2.174    2.681   -2.459   -1.602   -2.233   -2.391 
3148.665    0.611   -0.059    0.846   -0.479    4.272   -4.242    0.945   -1.677 
3154.337   -4.185    4.777    0.035    0.467    0.235   -0.097    0.713   -0.554 
3170.734    0.614   -0.537   -0.289    0.066   -1.050    1.627    4.472   -4.168 
3180.255   -0.138    0.332    4.661   -4.385   -0.855    0.549   -0.012   -0.040 
2921.519    2.255    2.174   -2.284   -2.353   -2.210   -2.154    2.271    2.356 
3073.289    0.677    0.803    3.376    3.651   -0.238    0.157    2.737    2.820 
3084.530    2.812    2.882   -0.161   -0.918    3.778    3.207   -0.004    0.040 
3109.696    2.422    2.919    1.483    1.618   -2.091   -1.677   -2.875   -2.633 
3158.992   -1.394    0.931    4.456   -4.022    0.724   -1.464    0.227   -0.105 
3168.127   -0.860    1.019   -0.065   -0.097   -1.556    1.715    4.165   -4.160 
3177.863    2.295   -2.024   -0.145    0.700    3.243   -3.818    1.817   -1.951 
3180.316    3.818   -3.680    1.659   -1.490   -2.118    2.119   -0.101   -0.125 
2913.038    2.364    2.173   -2.206   -2.154   -2.086   -2.154    2.317    2.518 
3069.334   -0.581   -0.900    3.084    3.622   -1.327   -0.833    2.546    2.920 
3080.076    2.956    2.256    0.920    0.544    3.597    3.258    0.742    1.561 
3108.515   -3.032   -2.604   -1.332   -2.493    2.192    1.175    2.275    2.487 
3157.701   -0.578    1.294    1.302   -0.652    0.958   -0.765    4.512   -3.941 
3161.431    1.244   -0.994    4.051   -3.121    1.558   -2.854   -1.392    0.682 
3174.461   -3.955    4.671    0.994   -0.418    0.278   -0.440   -1.248    1.238 
3177.430   -0.002    0.012   -2.351    2.585    3.767   -3.940   -0.302    0.144 
2914.267    2.115    2.203   -2.432   -2.391   -2.250   -2.277    2.201    2.129 
3067.867    0.359    0.853    3.819    3.338   -0.781   -0.818    2.601    2.556 
3076.326    3.180    3.736    0.408   -0.077    2.983    2.867   -0.189   -0.199 
3106.016   -1.675   -2.016   -1.516   -1.012    2.733    2.280    2.879    3.220 
3148.852    1.266   -0.497   -4.069    4.735   -0.474    0.493   -0.006   -0.043 
3165.364    2.761   -2.421    0.356   -0.071    3.059   -3.140    2.055   -2.160 
3169.327    2.886   -2.691    0.964   -0.895   -3.096    3.416    1.450   -1.080 
3175.925    2.581   -2.088    0.558   -0.267    0.512   -0.736   -3.928    3.790 
2911.060   -2.209   -2.428    2.599    2.382    2.031    2.027   -2.115   -2.133 
3067.758    0.029   -0.440    3.388    3.038   -1.245   -1.083    2.960    2.976 
3082.063    3.143    3.577    0.881    1.208    2.922    2.836    0.245    0.273 
3110.952   -1.809   -2.041   -1.362   -1.946    2.800    2.497    2.700    2.681 
3146.550   -1.506    0.715   -4.273    4.434   -0.350    0.483    0.151    0.379 
3166.903    4.610   -4.195   -1.290    1.021    0.063    0.134    0.214   -0.408 
3171.463   -0.320    0.312    0.026   -0.019   -0.586    0.605    4.548   -4.507 
3181.124    0.113   -0.102    0.303   -0.534   -4.391    4.666   -0.577    0.599 
2912.780    2.418    2.311   -2.121   -2.215   -2.305   -2.174    2.140    2.305 
3063.201    2.560    2.565    1.620    1.647    2.745    2.996    1.843    1.645 
3084.536    1.911    2.209   -2.338   -2.256    1.448    1.248   -3.155   -2.997 
3104.220    1.612    2.350    3.114    2.491   -1.699   -2.860   -2.211   -1.177 
3151.548    3.168   -3.241   -1.202    1.077    2.323   -1.945   -2.032    2.207 
3161.234   -3.364    2.674   -0.689   -0.094    3.450   -2.665   -0.725    1.780 
3172.133   -0.589    0.127    2.286   -2.626   -1.335    1.919   -3.337    3.577 
3176.955    0.970   -1.098    3.490   -3.842    2.134   -1.811    1.678   -1.522 
2925.157   -2.254   -2.333    2.297    2.224    2.188    2.254   -2.297   -2.237 
3079.619    2.357    3.335    3.255    2.281    1.555    1.587    1.425    1.400 
3082.958    2.271    2.265   -2.271   -2.234    2.094    2.107   -2.471   -2.506 
3113.748   -1.069   -1.607   -1.846   -1.291    3.123    2.876    2.572    2.879 
3164.393    4.056   -2.958   -2.105    3.236   -0.366    0.370    0.850   -0.802 
3173.081    1.800   -2.000    2.833   -3.076    1.727   -1.680    2.418   -2.356 
3179.762    2.185   -1.895    1.552   -1.409    0.381   -0.601   -3.860    3.733 
3182.956    0.601   -0.816    1.429   -1.765   -4.158    4.275    0.561   -0.347 
2912.541    2.258    2.327   -2.330   -2.252   -2.103   -2.046    2.294    2.374 
3060.592    1.789    1.236   -2.344   -2.098    0.137   -0.035   -3.222   -3.985 
3075.269    3.496    3.080    1.422    1.532    2.574    2.766    1.006    0.154 
3104.128   -1.730   -0.952   -3.127   -2.572    2.759    3.297    1.087    1.239 
3144.214    1.287   -2.408    0.251   -0.460   -0.896    0.527    4.397   -3.612 
3161.290    3.894   -4.156    0.555   -1.017    0.889   -0.349   -1.652    2.044 
3164.260    0.748   -0.949   -4.260    4.653    0.266   -0.593    0.140    0.025 
3179.863   -0.457    0.283    0.246   -0.490    4.642   -4.272    1.115   -0.693 
2910.958   -2.383   -2.365    2.265    2.290    2.313    2.271   -2.024   -2.061 
3064.066    3.250    3.296    0.563    0.549    3.114    3.047    0.262    0.267 
3079.559    0.252    0.246    3.624    3.629   -1.165   -1.107    2.483    2.518 
3107.274   -1.873   -2.145   -1.430   -1.341    2.068    2.164    3.278    3.152 
3151.785    4.524   -4.378   -0.695    0.789    0.502   -0.595   -0.199    0.003 
3157.030    0.520   -0.425   -0.498    0.527   -4.477    4.497    0.288   -0.441 
3162.077    0.783   -0.813    4.475   -4.465   -0.395    0.425    0.178   -0.175 
3183.168   -0.074   -0.010    0.124   -0.172   -0.343    0.438   -4.552    4.596 
2915.446   -2.146   -2.273    2.334    2.339    2.325    2.308   -2.198   -2.085 
3072.990   -2.514   -2.626    1.877    1.887   -2.783   -2.669    1.767    1.755 
3078.131    2.095    2.647    3.069    2.914    1.367    1.046    2.180    2.106 
3108.999    1.853    1.848    1.677    1.515   -2.886   -2.109   -2.654   -3.127 
3159.131    1.462   -1.193   -4.236    4.451   -0.241    0.293    0.245   -0.140 
3162.793   -3.050    2.850   -0.876    0.738   -2.800    2.957   -1.724    1.831 
3167.386    2.879   -2.736    1.104   -1.071   -3.092    3.684    0.689   -0.015 
3180.117   -1.777    1.337   -0.363    0.116   -0.730    1.101    4.304   -4.094 
2902.672    2.355    2.428   -2.458   -2.427   -2.193   -2.128    1.920    1.960 
3060.003    3.277    3.472    1.580    1.749    2.483    2.386    0.623    0.648 
3069.607    0.331    0.595   -3.395   -3.056    2.141    2.188   -2.277   -2.320 
3105.969   -1.494   -1.956   -1.199   -0.957    2.202    2.376    3.436    3.298 
3142.360   -1.467    1.247   -4.179    4.439    0.114   -0.457   -0.027    0.122 
3144.260    4.490   -4.137   -1.334    1.348    0.249   -0.390   -0.310   -0.099 
3160.408   -0.281    0.161    0.288   -0.469    4.547   -4.482   -0.382    0.540 
3182.886   -0.100    0.012    0.042   -0.080   -0.421    0.527   -4.542    4.593 
2919.017    2.365    2.312   -2.220   -2.237   -2.297   -2.204    2.136    2.268 
3073.940    2.775    2.795   -0.042   -0.445    3.840    3.249    0.390    0.439 
3080.995    0.583    0.352    3.335    3.826   -0.726   -0.056    2.656    2.778 
3110.452    2.418    2.932    1.341    1.869   -1.814   -1.390   -3.046   -2.717 
3160.990   -0.541    0.536   -2.429    1.575   -3.428    4.312    1.058   -1.094 
3166.211   -4.061    3.957    1.880   -1.616   -0.090   -0.071    1.495   -1.094 
3172.941   -1.939    1.699   -3.759    3.511    2.057   -1.855   -0.556    0.899 
3180.426   -1.241    0.892    0.542   -0.795   -1.169    1.498   -4.138    4.258 
2917.755   -2.115   -2.115    2.166    2.145    2.236    2.417   -2.487   -2.326 
3073.935    1.661    1.683   -2.795   -3.204    1.842    1.822   -2.548   -2.124 
3085.660    2.236    2.169    1.448    1.283    3.075    2.987    2.125    2.318 
3113.569   -3.009   -2.868   -1.848   -2.634    2.051    1.120    2.109    2.034 
3158.604    0.505    0.038    1.521   -1.053    2.892   -2.982    2.876   -3.510 
3167.819   -0.058   -0.183   -2.288    1.615   -2.222    2.922    3.319   -3.076 
3177.086    0.097   -0.142   -4.031    3.790    2.470   -2.160   -0.595    0.519 
3183.078   -4.513    4.657   -0.007    0.125    0.168   -0.168    0.165   -0.217 
2919.675    2.342    2.280   -2.262   -2.329   -2.199   -2.126    2.214    2.293 
3069.627    2.226    2.875    3.221    2.555    1.547    1.512    1.778    1.798 
3082.033    2.799    2.599   -1.584   -1.722    1.827    1.787   -2.548   -2.916 
3108.114   -0.741   -1.455   -2.480   -1.455    3.104    3.355    2.205    2.211 
3155.330    3.941   -3.148   -2.126    3.324    0.003   -0.585    0.179   -0.327 
3167.447    0.960   -1.281    1.694   -1.648   -1.265    1.172    4.067   -3.759 
3171.904   -2.463    2.715   -3.110    3.250   -0.513    0.267    1.937   -2.028 
3181.815   -0.240    0.050    0.241   -0.470    4.452   -4.340    1.390   -1.113 
2919.503   -2.388   -2.405    2.374    2.344    2.152    2.122   -2.104   -2.132 
3074.266   -3.708   -3.007    0.418    0.292   -2.377   -2.351    1.500    2.200 
3081.177    1.327    1.489    3.322    3.232    0.692    0.662    2.632    2.880 
3111.727   -1.622   -0.618   -2.155   -1.927    3.155    3.224    1.842    2.562 
3156.354   -3.897    4.791    0.087    0.231   -0.210   -0.184   -1.705    0.583 
3165.958    0.128   -0.151   -4.460    4.659   -0.039   -0.161   -0.217    0.187 
3178.542   -1.239    0.874   -0.222    0.243   -2.179    2.217    4.112   -3.622 
3183.105   -0.713    0.483   -0.092    0.020    4.051   -4.012    2.264   -1.950 
2919.275    2.221    2.124   -2.156   -2.163   -2.256   -2.293    2.382    2.437 
3078.500   -0.412   -0.560    3.132    3.425   -0.341   -0.147    3.077    3.149 
3082.770    2.766    2.538   -0.004   -0.302    3.722    3.467    0.694    1.033 
3114.966   -3.013   -2.916   -2.014   -2.537    1.846    1.255    2.173    1.991 
3162.997   -0.278    0.691    0.607   -0.372    0.640   -0.555    4.489   -4.442 
3166.863   -0.225    0.058   -2.233    1.604   -3.759    4.348    0.872   -0.623 
3177.508    0.946   -1.007   -4.154    3.895    2.047   -1.834    0.272   -0.306 
3183.046   -4.357    4.556   -0.855    0.896    0.544   -0.432   -0.386    0.540 
2921.496   -2.276   -2.271    2.172    2.170    2.163    2.214   -2.411   -2.374 
3077.668    2.234    1.880   -2.304   -2.289    0.796    0.926   -3.094   -3.367 
3086.043    2.966    2.822    1.746    1.755    2.739    2.785    1.363    1.324 
3116.495   -1.901   -1.457   -2.795   -2.775    2.723    2.808    1.296    1.891 
3160.920    1.364   -1.900   -0.055   -0.211    0.381   -0.039    4.480   -3.987 
3171.983   -4.106    4.368    0.533   -0.478   -0.127    0.128    1.537   -1.750 
3180.725    0.303   -0.285    3.976   -4.022    2.252   -2.181   -0.319    0.277 
3182.742   -0.351    0.412   -2.219    2.175    4.064   -3.964   -0.065   -0.041 
2908.812    2.327    2.168   -2.055   -2.167   -2.179   -2.177    2.411    2.465 
3065.623    1.477    1.365    2.640    2.679    2.014    1.984    2.730    2.745 
3078.055   -3.179   -3.196    1.197    1.281   -2.052   -2.318    2.315    1.777 
3107.101    1.482    2.091    3.028    2.444   -2.307   -2.988   -1.942   -1.330 
3147.870    1.242   -1.800   -0.603    0.526    0.396   -0.391   -4.083    4.340 
3161.727   -3.781    3.288    1.883   -2.260   -0.909    1.259   -1.355    1.907 
3168.830   -2.014    1.982   -1.876    1.350    3.986   -3.535   -0.044    0.259 
3175.055    1.252   -1.514    3.519   -3.864    2.546   -2.059    0.275   -0.190 
2909.924   -2.083   -2.202    2.465    2.447    2.313    2.296   -2.103   -2.036 
3067.461    1.168    1.312   -2.944   -2.952    2.420    2.385   -2.170   -2.117 
3078.262    2.857    2.928    1.612    2.009    2.530    2.222    1.852    1.846 
3109.225    2.602    2.340    1.250    1.816   -2.207   -1.664   -2.721   -3.071 
3148.570    0.891   -0.309    4.630   -4.308    0.343   -0.392    0.139   -0.328 
3159.373   -0.334    0.322    0.441   -0.448   -4.287    4.678   -0.350    0.754 
3170.987   -3.892    4.077    0.741   -0.422    0.436   -0.745   -2.241    1.908 
3178.920    2.239   -2.042   -0.118    0.108    0.254   -0.404   -4.082    3.998 
2923.688   -2.274   -2.299    2.283    2.260    2.159    2.191   -2.311   -2.299 
3077.961    2.209    1.742   -2.344   -2.344    1.215    1.221   -2.869   -3.373 
3087.329    3.063    2.927    2.059    2.022    2.433    2.452    1.408    1.258 
3114.398    1.871    1.241    2.380    2.480   -2.998   -2.884   -1.538   -2.278 
3165.036    2.546   -3.346    0.003   -0.263    0.307    0.026    3.863   -2.998 
3173.926   -1.424    1.474    4.173   -4.129    0.676   -0.773    1.020   -1.108 
3175.929    3.158   -3.130    1.704   -1.679    0.647   -0.723   -2.794    2.784 
3184.487    0.309   -0.360    0.894   -0.981   -4.468    4.498   -0.109    0.190 
2920.591   -2.215   -2.254    2.341    2.367    2.237    2.197   -2.236   -2.205 
3071.542    2.606    1.630   -2.139   -2.084    1.275    1.319   -2.616   -3.556 
3075.122    2.966    3.440    2.919    2.267    1.614    1.445    1.223    0.900 
3107.400   -0.941   -0.485   -2.193   -1.625    3.589    3.273    1.603    2.621 
3153.436   -3.218    3.402    2.128   -2.830   -0.293    0.119   -2.346    1.159 
3164.565   -0.969    1.948   -3.424    3.850   -0.429   -0.035   -2.687    1.747 
3177.516    2.936   -2.487    1.256   -0.965   -0.485    0.376   -3.568    3.406 
3179.846   -0.089    0.026   -0.068    0.065   -4.376    4.735    0.651   -0.335 
2912.599   -2.184   -2.265    2.259    2.154    2.106    2.219   -2.446   -2.354 
3064.916   -1.388   -1.373    2.722    2.669   -0.546   -0.322    3.450    3.238 
3077.650    2.679    2.627    0.526    0.482    3.228    3.721    1.354    0.888 
3103.953   -2.844   -2.326   -2.614   -3.107    1.882    1.911    1.469    1.451 
3147.903   -0.701    1.011   -0.083    0.287    0.534   -0.205   -4.268    4.595 
3161.801    1.784   -1.546    3.332   -3.158    2.785   -2.666   -0.151    0.288 
3169.791   -3.756    4.045    0.452   -0.020    2.179   -2.159    0.853   -1.007 
3173.255    1.329   -1.574   -3.255    3.132    3.193   -2.651    0.270    0.059 
2919.923   -2.272   -2.425    2.309    2.209    2.299    2.272   -2.134   -2.118 
3077.215    2.939    3.275   -0.760   -0.398    3.249    3.176   -0.614   -0.623 
3090.280    0.781    0.540    3.189    3.072    0.611    0.502    3.235    3.204 
3118.602   -2.299   -2.176   -2.313   -2.379    2.231    2.154    2.338    2.388 
3166.406    4.430   -4.118    1.076   -1.484    0.942   -0.737    0.371   -0.495 
3169.738    0.803   -0.732    0.248   -0.280   -4.409    4.573    0.331   -0.257 
3179.555    1.219   -1.474   -4.360    4.403   -0.092   -0.009   -0.107    0.200 
3184.148   -0.458    0.368   -0.283    0.288    0.202   -0.212    4.566   -4.559 
2905.197    2.404    2.373   -1.968   -1.931   -2.038   -2.081    2.513    2.546 
3060.565    2.771    2.704   -1.597   -1.555    0.764    0.765   -3.110   -3.186 
3070.768    2.309    2.112    1.845    1.816    2.999    3.124    1.689    1.806 
3108.571   -1.682   -1.328   -3.291   -3.397    2.555    2.537    0.890    0.979 
3135.941    0.209   -0.221    0.051   -0.074   -0.034    0.136    4.590   -4.446 
3146.443   -4.388    4.669    0.116    0.191   -0.170    0.104    0.203   -0.220 
3170.909   -0.103    0.168    0.897   -0.794    4.535   -4.453    0.083   -0.071 
3183.514    0.015    0.048    4.523   -4.505   -0.904    0.789   -0.098    0.052 
2918.717    2.287    2.164   -2.126   -2.210   -2.281   -2.347    2.321    2.297 
3074.863    2.779    3.099    1.997    1.418    2.681    2.608    1.296    1.545 
3077.877    1.106    0.902   -3.046   -3.639    2.279    1.888   -2.169   -1.841 
3108.908   -1.941   -2.872   -1.380   -1.195    2.251    1.621    3.279    2.785 
3157.761   -2.205    1.690    3.053   -2.882    2.423   -2.915    0.969   -0.914 
3166.158   -2.737    2.199    0.852   -1.527   -3.284    3.669    1.240   -0.759 
3173.297   -0.038   -0.705    2.073   -2.005   -0.796    0.517   -3.774    4.237 
3179.954    3.375   -3.158    2.747   -2.274   -1.175    0.863    1.521   -1.897 
2920.168    2.318    2.231   -2.132   -2.221   -2.249   -2.247    2.317    2.334 
3076.497    2.512    2.699    2.314    2.113    2.369    2.411    1.821    1.818 
3083.787    2.560    2.304   -2.056   -2.112    1.375    1.583   -2.883   -2.897 
3112.467   -1.392   -1.891   -2.920   -2.227    2.508    3.041    1.921    1.849 
3164.207    4.223   -3.945   -1.553    2.177    0.590   -0.893    0.026   -0.103 
3166.538   -0.225    0.219   -0.392    0.292    0.838   -0.718   -4.474    4.492 
3175.495   -1.239    1.277   -1.316    0.913    4.344   -3.979    0.899   -0.844 
3181.032    1.376   -1.771    3.843   -4.168    1.750   -1.369   -0.005    0.210 
2904.013    2.553    2.525   -2.082   -2.033   -2.146   -2.199    2.156    2.196 
3054.291    3.364    3.407    0.537    0.375    2.855    2.895   -0.762   -0.648 
3077.089    0.082    0.093    3.408    3.187    0.143    0.133    3.016    3.253 
3100.403    1.350    1.661    2.366    2.250   -2.877   -2.601   -2.173   -2.520 
3132.107    4.575   -4.445   -0.118    0.325    0.003   -0.151   -0.094   -0.088 
3157.947   -0.001   -0.055   -1.061    0.961   -4.342    4.426   -0.651    0.787 
3165.871    0.025   -0.044    0.171   -0.222   -0.634    0.925    4.685   -4.297 
3171.410   -0.160    0.312   -4.303    4.596    1.000   -0.923    0.381   -0.340 
2913.098    2.221    2.090   -2.042   -2.123   -2.336   -2.415    2.387    2.360 
3072.368    2.657    2.458    0.899    0.802    3.217    3.277    1.543    1.820 
3079.219   -1.336   -1.361    2.983    3.303   -1.101   -1.253    2.978    2.540 
3110.745    2.609    2.904    2.369    2.439   -1.786   -1.623   -2.408   -1.784 
3155.596   -0.005    0.271    0.453   -0.379    4.470   -4.383    0.804   -1.084 
3160.698    1.046   -1.629   -0.480    0.425    0.939   -1.058   -4.053    4.360 
3172.521   -3.359    3.049    2.993   -2.950   -0.081    0.082   -1.128    1.554 
3179.692   -2.950    3.007   -3.603    3.256    0.442   -0.229   -0.409    0.593 
2926.968    2.203    2.214   -2.315   -2.306   -2.204   -2.218    2.326    2.310 
3082.077   -0.068   -0.006    3.034    3.029    0.241    0.461    3.484    3.293 
3091.779    3.135    3.061   -0.298   -0.300    3.235    3.464    0.106   -0.217 
3117.670    2.616    2.438    2.454    2.501   -1.957   -2.300   -2.076   -1.816 
3170.020   -0.612    0.707   -0.184    0.139    1.397   -0.939   -4.202    4.523 
3175.149   -0.198    0.227    4.514   -4.501    0.811   -0.784    0.093   -0.068 
3182.760    2.404   -2.537   -0.593    0.530    3.902   -3.633    0.815   -0.519 
3185.643   -3.773    3.850   -0.570    0.605    2.230   -2.171    1.171   -1.201 
2919.786   -2.317   -2.249    2.190    2.284    2.381    2.287   -2.133   -2.204 
3073.820    2.960    3.085    1.382    1.317    2.875    2.816    1.279    1.286 
3088.478   -1.147   -1.067    3.164    3.098   -1.523   -1.570    2.727    2.744 
3112.741   -1.918   -2.552   -2.277   -1.728    1.955    2.356    2.791    2.472 
3163.171    2.538   -2.381   -1.689    1.786    3.235   -3.342   -0.995    0.941 
3167.586    3.502   -3.032   -0.810    1.379   -3.117    2.798    0.033   -0.493 
3176.928   -1.824    2.049   -4.028    4.134   -0.676    0.455    0.460   -0.559 
3181.479   -0.658    0.464   -0.214    0.115   -0.877    1.066   -4.388    4.504 
2918.107    2.359    2.247   -2.106   -2.175   -2.230   -2.257    2.315    2.342 
3070.374    2.570    3.195    2.657    1.979    2.181    2.208    1.281    1.469 
3085.794    2.095    2.076   -2.510   -2.457    1.467    1.765   -2.938   -2.607 
3109.393   -0.767   -2.192   -2.608   -1.419    2.664    3.024    2.441    2.258 
3158.654    4.220   -3.245   -1.220    2.500    0.235   -0.893   -1.795    1.193 
3170.511   -1.415    0.666    0.769   -1.181   -0.510    0.626   -4.058    4.508 
3173.800   -1.078    0.962   -0.730    0.278    4.619   -4.187   -0.370    0.496 
3180.195   -1.844    2.228   -3.779    4.179   -1.079    0.807   -0.325    0.308 
2920.801    2.398    2.344   -2.277   -2.229   -2.148   -2.193    2.198    2.261 
3081.259    3.457    3.367    0.718    0.570    2.944    2.958   -0.235   -0.032 
3083.820    0.009   -0.082    3.504    3.367   -0.589   -0.576    2.845    3.046 
3116.900   -1.763   -1.895   -1.853   -1.834    2.764    2.537    2.492    2.829 
3164.911   -4.453    4.486    0.868   -0.901    0.024    0.072    0.386   -0.204 
3171.367   -0.826    0.896   -4.202    4.316   -1.308    1.424   -0.393    0.482 
3179.044    0.167   -0.075   -0.804    0.882    1.306   -1.051    4.504   -4.185 
3180.945    0.299   -0.381    1.063   -1.225   -4.145    4.291    1.469   -1.240 
2905.311    2.320    2.556   -2.582   -2.412   -2.021   -2.009    1.998    1.940 
3064.989   -2.484   -2.592    1.631    1.104   -2.533   -2.504    2.293    2.540 
3071.134    2.690    2.487    3.119    3.350    0.808    0.692    1.751    1.636 
3109.229   -1.689   -0.426   -1.283   -1.275    3.304    2.882    2.447    3.181 
3138.132    3.217   -3.021    2.887   -3.483    0.572    0.203    0.778   -0.251 
3150.352   -2.829    3.427    3.435   -2.992   -0.256   -0.154   -0.869    0.171 
3176.860   -0.754    0.503   -0.053    0.059    3.314   -3.427    3.053   -3.020 
3179.863   -0.640    0.336    0.026   -0.119   -2.875    3.317    3.590   -3.074 
2910.077   -2.233   -2.327    2.117    2.029    2.129    2.225   -2.489   -2.405 
3063.685    2.590    2.511   -2.022   -1.947    1.216    1.277   -2.848   -2.996 
3077.845    2.163    2.189    1.703    1.656    3.009    3.010    1.988    2.088 
3106.450   -2.291   -1.716   -2.916   -3.282    2.482    2.087    0.916    1.644 
3145.257    1.114   -1.550    0.091   -0.509    0.772   -0.304    4.448   -4.103 
3159.863   -4.246    4.297   -0.496    0.726   -0.356    0.315    1.351   -1.500 
3167.326    0.522   -0.827   -1.756    1.325   -4.075    4.362    0.559   -0.241 
3178.853   -0.368    0.556    4.298   -4.221   -1.736    1.526    0.033   -0.097 
2917.465    2.442    2.308   -2.074   -2.076   -2.158   -2.224    2.323    2.401 
3078.302    3.436    3.124    0.580    0.588    3.020    3.173   -0.163    0.264 
3084.952   -0.589   -0.856    2.945    2.940    0.218    0.077    3.349    3.470 
3118.120   -1.898   -1.910   -2.771   -2.731    2.453    2.572    1.827    1.864 
3161.860    3.765   -4.167   -0.326    0.166   -0.116   -0.170   -2.391    2.047 
3168.795    2.296   -2.128    0.030   -0.051    0.796   -0.595    3.930   -3.950 
3176.153   -0.336    0.359    0.292   -0.405    4.608   -4.423   -0.659    0.562 
3185.780   -0.202    0.239   -4.565    4.590    0.349   -0.348    0.108   -0.108 
2921.426    2.375    2.359   -2.188   -2.230   -2.210   -2.165    2.239    2.290 
3067.114    2.434    3.625    3.077    2.012    1.801    1.771    1.006    1.020 
3085.862    2.085    2.018   -2.410   -2.309    1.577    1.563   -2.917   -2.957 
3108.559   -0.266   -1.646   -2.322   -1.101    3.117    3.276    2.486    2.357 
3155.953    4.643   -3.151   -1.127    2.858   -0.088   -0.620   -0.490   -0.064 
3172.636   -0.633    0.546   -0.614    0.496    1.573   -1.416   -4.217    4.285 
3176.842   -1.888    2.297   -3.762    4.213   -0.166   -0.074    0.737   -0.835 
3180.733   -0.092   -0.004    0.181   -0.347    4.361   -4.297    1.563   -1.429 
2909.443    1.979    1.978   -2.163   -2.175   -2.495   -2.513    2.322    2.297 
3066.871    2.204    2.202   -1.062   -1.283    3.751    3.535    1.012    1.030 
3070.136   -0.189   -0.194    3.024    3.215    0.135    0.264    3.326    3.260 
3109.824    3.482    3.464    2.007    2.345   -1.062   -0.613   -1.837   -1.787 
3141.034   -0.175   -0.065   -0.741    0.316   -4.353    4.630    0.173   -0.023 
3156.522   -0.170    0.119   -0.355    0.336   -0.051    0.054   -4.496    4.583 
3165.787   -0.176    0.283    4.678   -4.350   -0.649    0.443   -0.343    0.314 
3185.829   -4.582    4.597   -0.209    0.209    0.086   -0.080    0.155   -0.162 
2913.793    2.181    2.079   -2.295   -2.359   -2.149   -2.138    2.372    2.416 
3064.111    0.712    0.797    3.341    3.203    0.572    0.529    3.001    2.994 
3087.018    3.188    3.261   -0.498   -0.749    3.054    3.131   -0.846   -0.563 
3107.732   -1.972   -2.542   -2.325   -1.626    2.418    2.594    2.491    2.080 
3153.281    1.168   -0.916   -3.274    3.544    0.179   -0.361   -2.870    2.745 
3156.393   -0.583   -0.162    2.666   -2.994    0.250   -0.041   -3.345    3.715 
3177.569    1.485   -1.435    0.420   -0.445    4.347   -4.260    0.410   -0.454 
3179.029    4.311   -4.095    1.045   -0.710   -1.648    1.450    0.228   -0.505 
2915.564    2.066    2.128   -2.256   -2.200   -2.369   -2.433    2.310    2.243 
3068.229   -1.901   -1.941    2.393    2.865   -3.097   -2.636    1.284    1.293 
3077.585    1.276    1.318    1.951    1.912    2.234    2.398    3.260    3.046 
3108.213   -3.425   -3.197   -1.776   -2.583    1.365    0.618    1.894    2.000 
3150.169   -0.428   -0.064   -2.016    1.074   -3.969    4.490    0.173   -0.005 
3163.452   -0.771    0.912   -0.843    0.893    0.325   -0.197   -4.320    4.466 
3169.035    0.282    0.008    4.342   -3.997   -1.777    1.398   -1.004    0.882 
3181.901   -4.449    4.562    0.446   -0.248    0.003   -0.124    0.696   -0.896 
2921.876   -2.138   -2.144    2.315    2.437    2.302    2.184   -2.266   -2.264 
3073.984    1.137    1.763    3.403    3.074    0.834    0.549    2.702    2.765 
3088.484    3.258    3.494   -0.682   -0.945    2.620    2.489   -1.426   -1.584 
3113.021   -1.247   -1.860   -2.446   -1.325    3.051    2.834    2.282    2.522 
3160.268    2.069   -1.133   -3.757    4.545    0.325   -1.004   -0.007   -0.407 
3170.901    1.041   -1.170    0.612   -0.535   -0.244    0.378    4.530   -4.249 
3181.417    4.258   -3.875    1.634   -1.154   -0.893    0.969   -1.227    1.317 
3181.995   -0.632    0.761   -0.880    1.072   -4.319    4.542    0.032    0.058 
2909.713    2.091    2.022   -2.123   -2.249   -2.416   -2.507    2.327    2.205 
3071.570    2.563    2.534    1.217    1.351    2.831    2.893    2.042    2.118 
3076.758    1.483    1.454   -3.080   -3.138    1.378    2.184   -2.638   -2.045 
3111.147    2.589    2.991    2.298    1.907   -1.517   -1.885   -2.645   -2.050 
3150.942    0.286   -0.124   -1.200    0.540    4.651   -4.133    0.387   -0.793 
3164.822    1.206   -1.457   -2.381    2.520   -0.200   -0.124   -3.433    3.778 
3168.761    1.001   -0.455   -3.382    3.579   -1.234    0.930    2.356   -2.905 
3178.940    4.407   -4.226    1.511   -1.295   -0.017   -0.007    0.504   -0.769 
2909.899    2.211    2.398   -2.483   -2.308   -2.279   -2.240    1.994    2.030 
3068.411    2.393    2.950   -1.328   -0.864    3.496    3.388   -0.541   -0.553 
3077.633    1.620    1.377    3.456    3.199    0.314    0.383    2.687    2.708 
3110.943   -2.128   -2.657   -1.434   -1.683    1.833    1.879    3.103    2.942 
3153.860   -2.080    1.443   -3.776    4.167   -1.353    1.211    0.256    0.167 
3158.358    0.416   -0.193    1.177   -1.324   -4.287    4.407    0.313   -0.542 
3164.922    4.395   -3.957   -1.866    1.755   -0.211    0.249   -0.310   -0.024 
3183.391   -0.174    0.064    0.107   -0.168   -0.363    0.471   -4.535    4.606 
2922.092    2.359    2.291   -2.223   -2.265   -2.283   -2.211    2.164    2.267 
3079.301    2.865    2.812    1.661    1.680    2.777    2.754    1.466    1.552 
3089.698    1.462    1.601   -2.873   -2.787    1.675    1.652   -2.775   -2.810 
3117.219   -1.992   -2.408   -2.381   -2.046    2.115    2.464    2.571    2.233 
3168.575    3.791   -3.737   -1.385    1.432    1.558   -1.661   -1.582    1.347 
3173.916   -2.369    2.089   -0.508    0.236    3.873   -3.667   -1.057    1.449 
3177.934   -0.886    1.068   -4.221    4.440   -0.828    0.574    0.853   -0.929 
3181.825   -0.991    0.785   -0.371    0.297   -1.844    1.981   -4.049    4.078 
2907.653   -2.342   -2.479    2.267    2.212    2.371    2.227   -1.994   -2.035 
3055.766    3.597    3.142   -0.307    0.189    2.868    2.785   -0.489   -1.294 
3076.300   -0.266    0.371    2.144    2.148    1.210    1.298    3.516    4.051 
3101.159    2.444    0.872    3.514    3.033   -2.001   -2.652   -0.744   -1.224 
3140.777   -3.600    4.571   -0.250    1.121    0.614   -1.208   -1.893    0.694 
3151.998    1.062   -1.413   -1.082    0.404    4.367   -4.030   -0.635    1.101 
3172.156   -0.671    0.023   -3.327    3.622   -0.198   -0.369    3.116   -2.713 
3174.447    1.314   -1.061   -2.650    2.904   -1.532    1.382   -3.303    2.916 
2919.568    2.091    2.098   -2.193   -2.189   -2.278   -2.514    2.436    2.212 
3078.825   -1.926   -1.940    2.743    2.860   -1.929   -2.456    2.356    1.744 
3088.107    2.297    2.296    1.879    1.864    2.536    2.592    2.352    2.362 
3119.224   -2.746   -2.706   -2.013   -2.267    2.042    1.667    2.402    2.251 
3163.086    0.436    0.019    0.918   -0.973    4.110   -3.708    1.726   -2.463 
3175.421   -0.536    0.514    3.720   -3.450    0.471   -0.811   -2.644    2.801 
3176.794    0.071   -0.032    2.662   -2.675   -2.243    2.253    2.924   -3.025 
3185.647   -4.543    4.582   -0.340    0.339    0.098   -0.060    0.408   -0.480 
2918.150    2.152    2.099   -2.251   -2.311   -2.318   -2.396    2.288    2.212 
3078.602    1.283    1.362    3.187    3.115    0.965    0.801    2.970    2.789 
3082.442    2.742    2.746   -1.450   -1.499    3.069    3.456   -0.799   -0.470 
3115.191    2.433    2.836    2.024    1.605   -1.819   -1.975   -2.843   -2.408 
3165.269    0.992   -0.681   -2.981    2.940    3.442   -3.293   -0.090   -0.156 
3166.515   -0.823    0.653    3.060   -3.406    3.214   -2.815    0.849   -0.858 
3174.609    0.349   -0.732    0.741   -0.753    0.582   -0.591   -4.213    4.664 
3181.958    4.519   -4.310    1.138   -0.921   -0.246    0.158    0.559   -0.796 
2919.911   -2.100   -2.113    2.383    2.433    2.408    2.349   -2.119   -2.112 
3077.061    1.545    2.042    3.511    3.088    0.518    0.363    2.512    2.514 
3081.938    2.564    2.711   -1.465   -1.521    3.425    3.312   -0.521   -0.515 
3114.229    2.141    2.740    1.648    0.788   -1.913   -1.768   -3.101   -3.149 
3157.811    1.376   -0.542   -4.081    4.678    0.411   -0.752   -0.261   -0.123 
3165.050    0.049    0.065   -0.530    0.674   -4.444    4.605    0.174   -0.073 
3181.045   -4.284    3.858   -1.053    0.714    0.073   -0.061   -1.886    1.936 
3184.894    1.953   -1.739    0.542   -0.381   -0.187    0.160   -4.201    4.153 
2910.020   -2.073   -2.024    2.151    2.182    2.178    2.360   -2.561   -2.405 
3066.937   -0.368   -0.415    3.153    3.169    0.393    0.030    3.432    3.001 
3082.568    3.019    2.956   -0.279   -0.256    3.118    3.650    0.130    0.749 
3111.587    2.680    2.785    2.495    2.341   -1.858   -2.067   -2.042   -1.765 
3148.437   -0.164   -0.409   -0.085    0.262   -1.091    0.546   -4.180    4.696 
3166.064    0.629   -0.499   -4.480    4.496    0.628   -0.648    0.006   -0.122 
3168.680    0.225   -0.172    0.500   -0.790    4.689   -4.170   -0.938    0.789 
3181.889   -4.548    4.552   -0.567    0.506    0.287   -0.211   -0.097    0.211 
2921.582   -2.285   -2.442    2.325    2.171    2.220    2.256   -2.184   -2.167 
3076.483    3.028    3.121   -0.762   -0.480    3.028    3.381   -0.458   -0.966 
3083.980    0.105    0.122    2.583    2.364    0.848    1.453    3.809    3.461 
3112.560    2.649    2.055    3.058    2.994   -1.672   -2.254   -1.524   -1.383 
3162.918   -3.517    3.736   -0.549    0.988    1.392   -1.138   -2.273    2.378 
3167.609    2.016   -1.975    0.880   -1.234    4.089   -3.213   -1.115    1.807 
3179.101    1.755   -1.563   -0.575    0.480   -2.137    2.294   -3.603    3.630 
3181.428    0.781   -1.105   -4.279    4.445    0.960   -0.905    0.628   -0.350 
2906.042   -2.138   -2.268    2.503    2.487    2.314    2.130   -1.995   -2.068 
3068.160    2.018    1.933    2.765    2.919    1.312    1.018    2.671    2.718 
3074.572   -2.043   -2.632    2.231    1.303   -3.267   -3.133    1.232    1.264 
3109.814   -2.178   -2.801   -1.838   -1.538    1.770    2.153    2.974    2.578 
3145.105   -0.686    0.119   -4.165    4.447    0.818   -1.665   -0.189    0.280 
3162.851    1.798   -1.777    0.726   -1.263    3.917   -3.729   -1.397    1.403 
3168.341    4.378   -3.719   -0.854    0.953   -1.840    1.797   -0.722    0.163 
3176.519   -1.131    0.801   -0.008   -0.000   -1.018    1.254   -4.212    4.445 
2915.844    2.344    2.265   -2.092   -2.162   -2.401   -2.353    2.154    2.238 
3064.895    2.720    2.662    0.679    0.678    3.070    3.507    1.569    1.240 
3085.914   -1.393   -1.440    2.711    2.785   -0.994   -0.649    3.381    3.125 
3106.657    2.276    2.601    2.950    2.776   -1.262   -2.271   -2.141   -1.339 
3152.061    0.509   -0.948   -0.485    0.064    4.592   -3.819   -0.934    1.860 
3162.433    4.462   -4.284   -0.641    0.913   -1.020    0.808   -0.615    0.261 
3173.884   -0.835    0.570   -0.085   -0.081   -1.163    1.547   -4.138    4.477 
3180.626   -0.726    0.890   -4.509    4.517   -0.148    0.037    0.113   -0.195 
2916.889   -2.122   -2.168    2.196    2.384    2.461    2.354   -2.222   -2.096 
3079.693    3.283    3.371   -0.256    0.144    3.283    2.916    0.080    0.218 
3084.054    0.048    0.112    3.015    3.485    0.161   -0.595    3.275    3.049 
3118.579   -2.281   -2.220   -2.163   -2.207    2.431    2.064    2.360    2.528 
3163.122   -0.428    0.570    2.112   -1.480   -3.785    4.307   -0.442    1.184 
3173.808    1.390   -1.205    3.988   -3.764    1.401   -1.107    1.622   -1.638 
3175.192   -4.022    4.034    1.411   -1.344    1.236   -1.386   -1.171    0.970 
3181.865    1.737   -1.634    0.904   -0.755    0.854   -1.114   -4.042    4.096 
2916.399   -2.275   -2.545    2.481    2.196    2.057    2.100   -2.168   -2.151 
3075.421   -1.784   -2.492    2.405    1.719   -2.172   -2.206    2.620    2.614 
3087.557    2.567    2.509    2.493    2.469    2.145    2.161    1.880    1.946 
3118.077    2.061    1.763    2.086    2.205   -2.767   -2.544   -2.219   -2.487 
3159.182    3.964   -3.347    2.170   -2.991    0.605   -0.229    0.350   -0.656 
3173.994   -2.451    2.722    3.665   -3.612    0.726   -0.887   -0.731    0.500 
3176.351   -0.812    0.692    0.146   -0.115    0.526   -0.390    4.572   -4.416 
3183.385   -0.206    0.203    0.818   -1.015   -4.424    4.532    0.450   -0.344 
2923.325   -2.218   -2.180    2.274    2.358    2.273    2.186   -2.268   -2.312 
3075.996    0.754    0.876    2.558    2.670    1.327    1.644    3.455    3.165 
3087.534    3.295    2.967   -1.081   -1.009    2.817    2.948   -0.980   -1.526 
3111.923    2.437    2.222    2.804    2.627   -1.861   -2.634   -1.873   -1.438 
3162.840   -0.508    0.651   -0.817    0.481    2.300   -1.461   -3.852    4.222 
3171.180   -1.560    1.693    4.128   -4.121   -0.675    0.925   -0.828    0.753 
3179.239    3.008   -3.422    1.788   -1.953    2.769   -2.466    0.738   -0.230 
3181.404   -2.773    2.766   -0.219    0.020    3.180   -3.079    1.958   -1.815 
2923.746   -2.227   -2.176    2.226    2.297    2.275    2.287   -2.306   -2.282 
3073.611    1.029    0.986   -2.592   -3.794    2.906    1.892   -1.807   -1.661 
3084.100    2.467    2.550    1.920    1.622    2.810    2.585    2.016    2.032 
3111.953    2.782    3.090    0.922    1.640   -1.830   -0.890   -3.075   -2.695 
3160.894   -0.578    0.709    4.050   -2.658    2.120   -3.575   -0.038   -0.285 
3174.187   -1.721    1.635    1.902   -2.098   -2.713    2.883    2.522   -2.507 
3176.532   -0.854    0.476    1.578   -1.652   -1.827    1.884   -3.619    3.980 
3182.836    4.250   -4.086    1.742   -1.409   -1.098    0.906    0.334   -0.515 
2904.866    1.996    2.233   -2.469   -2.430   -2.262   -2.213    2.218    2.089 
3060.592    0.941    1.177   -2.938   -2.885    1.281    1.345   -3.123   -2.931 
3075.100    2.465    2.718    0.316    1.094    3.334    3.165    1.850    1.434 
3103.269   -3.031   -2.610   -1.720   -2.846    1.773    1.797    1.894    2.085 
3145.628    1.933   -0.858    4.340   -3.931   -0.101    0.288    0.973   -1.169 
3156.995   -0.491    1.190    1.565   -1.113    1.319   -1.281   -3.991    4.105 
3158.492   -0.431    0.675    0.396   -0.127   -4.293    4.413   -1.128    1.225 
3176.312   -4.174    4.284    1.353   -0.803    0.105   -0.388    1.138   -1.519 
2909.598   -2.411   -2.610    2.377    2.133    2.039    2.027   -2.113   -2.205 
3072.163    2.672    3.448   -0.953   -0.314    2.767    2.780   -1.736   -1.707 
3078.716    1.569    0.934    3.264    2.872    1.176    1.175    2.759    2.986 
3114.166   -1.785   -1.729   -2.509   -2.184    2.684    2.806    2.182    2.154 
3149.056    4.615   -4.066    0.688   -1.573    0.298    0.051   -0.652    0.007 
3169.748   -0.196    0.499    2.328   -2.540   -0.553    0.739    3.830   -3.766 
3172.073    1.144   -1.240   -3.446    3.897   -0.738    0.494    2.424   -2.312 
3179.019   -0.016   -0.002   -0.196    0.175    4.529   -4.466    0.934   -0.829 
2913.843    2.243    2.156   -2.065   -2.185   -2.356   -2.445    2.323    2.214 
3072.186    3.217    3.152    0.655    0.707    2.924    3.198    0.706    0.930 
3083.015   -0.984   -0.869    3.030    3.120   -0.210   -0.876    3.406    2.929 
3112.507    2.010    2.353    2.685    2.287   -1.916   -2.540   -2.302   -2.046 
3158.907    0.879   -0.783   -1.238    0.596    4.587   -4.033    0.515   -0.831 
3165.956    4.033   -4.036   -1.002    1.466   -0.972    0.562   -1.535    1.551 
3170.589   -1.610    1.284   -0.113   -0.045    0.957   -0.917   -3.991    4.465 
3180.223   -1.214    1.461   -4.266    4.364   -0.868    0.543    0.247   -0.402 
2920.050   -2.346   -2.377    2.180    2.138    2.303    2.348   -2.182   -2.166 
3067.970    3.339    2.954   -0.151   -0.111    2.952    3.501    0.297   -0.495 
3080.266   -1.082   -0.500    2.019    1.972    0.546    1.340    3.942    3.791 
3107.144    2.434    1.671    3.473    3.501   -1.565   -2.193   -0.813   -0.817 
3154.568   -2.588    3.339    0.117    0.063    2.778   -2.062   -2.390    2.431 
3160.395    2.697   -3.194    0.178   -0.495    3.784   -2.987    0.332    0.733 
3175.454    1.855   -1.640   -0.603    0.555   -1.576    1.831   -3.790    3.870 
3183.717   -0.090   -0.048   -4.541    4.549    0.508   -0.458    0.505   -0.410 
2915.709    2.118    2.121   -2.052   -2.078   -2.325   -2.570    2.474    2.226 
3074.740    3.210    3.013   -1.505   -1.486    2.282    2.997   -1.492   -1.072 
3085.312    0.910    1.033    2.445    2.517    2.012    1.692    3.281    3.134 
3116.170    2.562    2.164    2.833    2.862   -1.859   -2.133   -1.479   -2.028 
3156.605    0.671   -0.673   -0.279   -0.382    4.107   -3.272    2.290   -2.746 
3169.059    1.522   -1.855   -0.034   -0.070   -2.527    2.679    3.490   -3.218 
3176.468   -4.055    4.280    0.579   -0.590   -0.420    0.500    1.599   -1.898 
3185.291    0.522   -0.519    4.598   -4.520    0.043   -0.017   -0.234    0.297 
2921.828   -2.359   -2.426    2.357    2.292    2.150    2.150   -2.151   -2.163 
3083.098    3.301    3.475    0.112    0.259    2.989    2.986   -0.634   -0.604 
3085.983    0.590    0.417    3.481    3.352   -0.159   -0.167    2.971    2.998 
3119.546   -1.758   -1.801   -1.890   -1.894    2.708    2.688    2.618    2.640 
3165.855    4.559   -4.357    0.862   -1.038    0.254   -0.178    0.091   -0.236 
3171.540    0.925   -1.028   -4.409    4.507   -0.332    0.279   -0.155    0.201 
3182.533    0.045   -0.028    0.132   -0.135   -3.532    3.562    2.933   -2.902 
3184.369    0.184   -0.188    0.366   -0.390   -2.898    2.895   -3.555    3.528 
2912.926    2.301    2.294   -2.151   -2.111   -2.077   -2.130    2.460    2.449 
3066.456   -0.745   -0.791    2.562    2.534    0.582    1.007    3.794    3.352 
3076.831    3.279    3.130    0.129    0.140    3.007    3.428    0.030   -0.324 
3106.310   -2.257   -1.949   -3.009   -3.204    2.015    2.480    1.550    0.838 
3145.709   -0.318    0.181   -0.138   -0.086    1.064   -0.265   -4.145    4.762 
3163.028   -4.393    4.643   -0.260    0.508   -0.523    0.395    0.116   -0.225 
3171.529    0.514   -0.640   -3.121    3.020   -3.456    3.140   -0.631    0.418 
3176.782   -0.053   -0.039   -3.411    3.341    3.277   -2.816    0.639   -0.367 
2906.020    2.356    2.161   -2.189   -2.286   -2.082   -1.982    2.326    2.533 
3057.097    1.081    0.900    3.087    3.077    1.243    1.225    2.784    3.029 
3080.020    3.460    3.470   -0.428   -0.535    2.423    2.334   -1.816   -1.561 
3103.291   -1.245   -1.803   -2.727   -2.024    2.847    3.262    2.090    1.408 
3142.289   -1.245    1.734    1.105   -0.866   -0.710    0.556    4.163   -4.054 
3154.186    1.748   -1.186   -3.745    4.240   -0.044   -0.605    1.311   -1.701 
3164.673    4.054   -4.024    1.955   -1.717   -0.543    0.342    0.775   -1.137 
3178.848    0.046   -0.173    0.429   -0.696    4.598   -4.413    0.737   -0.474 
2914.180    2.183    2.273   -2.467   -2.372   -2.177   -2.254    2.171    2.096 
3059.315    0.436    1.153    3.827    3.583   -1.666   -1.099    2.010    1.943 
3068.887    3.003    3.869    1.044   -0.287    2.999    2.624   -0.230   -0.242 
3102.745   -1.474   -1.781   -0.343   -0.762    2.786    1.844    3.363    3.606 
3138.539    1.608   -0.541   -3.962    4.264   -0.646    1.939    0.196    0.275 
3160.822    4.345   -3.563    0.922   -0.121    1.556   -1.853    1.232   -1.345 
3168.980    1.522   -1.603    1.456   -1.895   -3.727    4.147    0.019    0.336 
3177.551   -1.290    0.900   -0.274   -0.022   -0.493    0.803    4.482   -4.304 
2917.236   -2.312   -2.502    2.360    2.174    2.144    2.109   -2.186   -2.221 
3077.742    2.960    3.334    0.036    0.449    3.109    3.412    0.111   -0.311 
3078.786   -0.298   -0.679    2.855    2.390    0.208    0.586    3.783    3.516 
3112.696    2.265    2.017    3.126    2.693   -1.880   -2.659   -1.830   -1.213 
3160.705    4.336   -3.945    0.941   -1.478   -0.392    0.479    1.190   -1.535 
3165.522    1.413   -1.427   -0.160   -0.314    2.625   -1.653   -3.436    4.021 
3177.196    1.025   -1.220   -4.061    4.555    0.592   -0.905    0.806   -0.669 
3179.745   -0.599    0.479    0.783   -1.014    4.080   -3.784    2.267   -1.944 
2918.826   -2.128   -2.201    2.359    2.372    2.223    2.183   -2.303   -2.267 
3071.063   -1.010   -0.712    2.756    2.810   -0.259   -0.206    3.373    3.578 
3085.277    3.289    3.061    0.370    0.679    3.129    3.198    0.906    0.278 
3109.411   -2.606   -1.869   -2.527   -2.746    2.290    2.529    1.459    1.892 
3158.187    1.026   -1.808    0.882   -1.085   -0.775    0.636    4.310   -3.961 
3165.179    0.354    0.117    4.553   -4.315    0.221   -0.054   -1.066    1.025 
3175.877    1.563   -1.868   -0.257    0.006    4.336   -4.135    0.328    0.042 
3180.363   -3.858    4.110    0.519   -0.322    1.506   -1.671    1.387   -1.724 
2920.928   -2.376   -2.404    2.265    2.244    2.116    2.141   -2.259   -2.243 
3077.811   -3.177   -2.942    1.085    1.119   -2.170   -2.184    2.181    2.461 
3082.634    1.845    1.999    3.154    3.053    1.378    1.392    2.340    2.380 
3114.368    1.486    1.162    2.181    2.193   -3.160   -3.057   -1.932   -2.360 
3159.442   -4.225    4.482    0.342   -0.314   -0.189   -0.003   -1.519    1.044 
3171.864    0.590   -0.389   -3.678    3.783   -0.521    0.497   -2.623    2.488 
3173.853   -1.324    1.146   -2.556    2.507   -0.489    0.636    3.670   -3.457 
3184.668    0.167   -0.206    0.689   -0.770   -4.513    4.550   -0.097    0.161 
2906.215    2.092    2.188   -2.517   -2.430   -2.351   -2.272    1.984    2.072 
3058.251    2.005    2.117    0.442    0.520    2.842    3.714    2.626    1.753 
3064.719    0.052    0.377   -3.499   -3.321    2.125    1.676   -2.288   -2.260 
3101.137    3.050    3.717    1.375    1.663    0.202   -1.304   -2.992   -1.711 
3140.382    0.225   -0.579    3.100   -3.308    3.303   -2.644   -0.312    1.465 
3143.408   -0.310   -0.558   -3.233    3.147    3.222   -2.604   -0.318    1.770 
3170.785    3.536   -3.248   -0.174   -0.016   -1.006    1.449   -2.818    2.773 
3175.827    3.389   -2.650   -0.178    0.305    0.710   -1.189    2.847   -3.660 
2916.745   -2.234   -2.246    2.384    2.487    2.221    2.112   -2.165   -2.162 
3070.268    1.627    2.145    3.415    3.174    0.730    0.483    2.373    2.425 
3080.455   -3.252   -3.209    0.820    0.934   -2.453   -2.333    1.813    2.095 
3111.149   -1.135   -1.304   -2.107   -1.245    3.286    3.011    2.343    2.710 
3151.910    2.025   -1.493   -3.862    4.420    0.093   -0.680    0.106   -0.343 
3164.935    3.787   -3.875    1.812   -1.592   -0.022    0.228    2.021   -1.554 
3175.055   -1.874    1.572   -0.635    0.482   -0.315    0.409    4.301   -4.075 
3181.650    0.244   -0.111   -0.281    0.469   -4.403    4.705   -0.301    0.432 
2914.899    2.305    2.184   -2.090   -2.198   -2.268   -2.192    2.327    2.439 
3070.019    1.737    1.673    2.272    2.328    2.325    2.368    2.627    2.641 
3083.366   -2.861   -2.907    1.674    1.746   -2.095   -2.140    2.324    2.193 
3109.837    1.807    2.340    3.028    2.568   -2.067   -2.670   -1.966   -1.340 
3155.462    1.181   -1.544   -0.806    0.552    1.451   -1.171   -3.998    4.155 
3167.624   -3.579    3.166    1.898   -2.246   -1.099    1.457   -1.687    2.037 
3170.297   -2.142    1.973   -0.569    0.090    4.162   -3.839    0.848   -0.493 
3178.784   -1.727    1.941   -3.959    4.060   -1.328    1.088   -0.385    0.306 
2912.154    2.204    2.063   -2.067   -2.058   -2.281   -2.326    2.422    2.531 
3072.596    0.859    0.494    2.405    2.457    1.974    1.957    2.987    3.449 
3075.118   -2.551   -2.378    1.841    2.217   -3.275   -2.923    1.058    0.745 
3111.833    3.258    2.926    2.217    2.796   -1.649   -0.904   -1.903   -1.617 
3151.642   -0.176    0.785    0.414   -0.060    0.723   -0.513    4.564   -4.350 
3157.388   -0.342    0.108   -1.337    0.673   -4.077    4.655    0.808   -0.485 
3177.434   -0.519    0.697    4.618   -4.210   -1.188    0.883   -0.178    0.150 
3180.276   -4.307    4.710   -0.485    0.669    0.334   -0.231   -0.435    0.601 
2907.272    2.026    2.005   -2.005   -2.260   -2.496   -2.546    2.411    2.129 
3073.450    3.383    3.256   -0.489   -0.110    2.989    3.150    0.059    0.506 
3076.206   -0.308   -0.215    2.654    3.277    1.024   -0.440    3.642    2.986 
3115.738    2.455    2.267    2.527    2.653   -1.825   -2.375   -1.890   -2.145 
3148.898    0.278   -0.395   -1.703    0.177    4.206   -3.789    1.118   -2.199 
3166.977    0.747   -0.606    1.219   -1.063   -1.226    1.764    4.056   -4.145 
3174.823   -4.008    4.274    1.843   -1.790    0.725   -0.481    0.299   -0.472 
3179.910   -1.820    1.793   -4.064    3.774   -1.370    1.040    0.867   -1.057 
2914.038   -2.300   -2.186    2.092    2.264    2.387    2.328   -2.213   -2.230 
3063.590    2.696    3.290    2.213    1.753    2.375    2.311    1.380    1.448 
3085.405    1.813    1.568   -2.911   -2.772    1.582    2.050   -2.714   -2.395 
3104.312   -1.055   -2.538   -2.500   -1.142    2.178    2.708    2.883    2.414 
3153.326    3.388   -2.424   -1.836    2.683    2.153   -2.621   -1.227    0.678 
3163.142   -2.823    2.238   -0.364   -0.839    4.037   -3.336    0.620   -0.209 
3172.815   -0.726    0.001    1.097   -1.460    0.253    0.107   -4.031    4.661 
3178.050   -2.132    2.404   -3.566    3.802   -1.357    0.983   -0.949    0.930 
2916.860   -2.213   -2.204    2.189    2.222    2.440    2.440   -2.147   -2.158 
3064.374    2.342    2.330    0.274    0.314    2.924    3.843    2.165    1.397 
3083.242   -1.231   -1.243    2.925    2.962   -1.290   -0.861    3.275    2.853 
3106.644    2.942    2.976    2.653    2.667   -0.562   -1.840   -2.149   -1.243 
3148.688   -0.166   -0.395   -0.270   -0.197    4.862   -3.691   -0.459    1.894 
3171.417    4.362   -4.314   -1.351    1.373   -0.016   -0.090    0.451   -0.594 
3174.360   -0.491    0.348   -2.775    2.674   -0.865    1.223   -3.251    3.737 
3176.155   -1.345    1.445   -3.422    3.424    0.616   -0.925    2.398   -2.769 
2919.628    2.214    2.134   -2.097   -2.115   -2.326   -2.379    2.373    2.389 
3080.512    2.487    2.291    1.036    1.042    3.181    3.242    1.790    2.035 
3084.833    1.774    1.810   -2.808   -2.840    1.188    1.351   -2.913   -2.763 
3118.652    2.682    2.664    2.723    2.710   -1.756   -1.797   -1.887   -1.712 
3165.232   -0.051    0.290    0.236   -0.263    3.641   -3.435    2.817   -2.916 
3166.147   -0.407    0.635    0.103    0.003   -2.861    2.893    3.530   -3.490 
3180.483   -4.283    4.381    1.421   -1.388    0.170   -0.105   -0.478    0.631 
3185.231    1.371   -1.449    4.377   -4.361   -0.224    0.202   -0.038    0.013 
2918.759   -2.347   -2.479    2.445    2.259    2.089    2.104   -2.115   -2.167 
3081.365   -1.937   -2.471    2.276    1.778   -2.454   -2.463    2.362    2.397 
3085.486    2.640    2.416    2.721    2.693    1.844    1.848    1.829    2.024 
3120.260   -1.880   -1.859   -1.848   -1.948    2.694    2.598    2.519    2.707 
3162.188    3.903   -3.494    2.331   -2.909    0.399   -0.217   -0.191   -0.206 
3171.549   -2.553    2.756    3.712   -3.690    0.329   -0.319    0.321   -0.325 
3182.221    0.213   -0.179   -0.168    0.176   -0.843    0.999    4.616   -4.363 
3184.275    0.020   -0.024    0.440   -0.532   -4.467    4.492   -0.904    0.894 
2912.047    2.029    2.064   -2.193   -2.169   -2.455   -2.507    2.290    2.253 
3065.374    2.104    2.148   -0.462   -0.599    3.448    3.801    1.790    1.380 
3072.200   -0.778   -0.795    3.050    3.200   -0.700   -0.267    3.304    3.017 
3108.491    3.432    3.348    2.225    2.592   -0.830   -0.879   -1.793   -1.530 
3141.560    0.057   -0.009    0.721   -0.416    4.565   -4.242   -0.597    1.108 
3159.299   -0.462    0.402   -0.642    0.555   -0.634    0.945   -4.221    4.622 
3168.993    0.089    0.100    4.626   -4.358   -0.785    0.560   -0.531    0.455 
3181.957   -4.558    4.584    0.104   -0.009    0.078   -0.138    0.368   -0.460 
2919.358   -2.242   -2.235    2.243    2.231    2.119    2.170   -2.416   -2.381 
3071.563    0.919    1.563    3.744    3.012    0.760    0.708    2.647    2.615 
3083.120    3.255    3.788   -0.227   -0.748    2.168    2.295   -1.832   -1.645 
3110.799   -0.716   -1.579   -2.339   -1.442    3.245    3.298    2.163    2.242 
3161.581    2.509   -1.627   -2.282    3.288   -0.349   -0.049   -2.980    2.775 
3162.247    2.378   -1.516   -1.689    2.437    0.019   -0.122    3.390   -3.665 
3175.125    3.564   -3.457    2.908   -2.848    0.541   -0.564   -0.307    0.241 
3184.447   -0.363    0.411   -0.427    0.393    4.617   -4.500   -0.165    0.081 
2916.780    2.106    2.135   -2.145   -2.123   -2.303   -2.340    2.437    2.417 
3070.012   -1.630   -1.197    2.468    2.451    0.130    0.231    3.326    3.730 
3078.186    2.846    2.658   -0.015   -0.012    3.396    3.597    1.149    0.740 
3109.600    2.877    2.179    3.127    3.244   -1.682   -1.738   -0.650   -1.430 
3149.862    0.404   -1.375   -0.097   -0.276   -0.552    0.549    4.634   -4.139 
3162.679    0.338   -0.432    0.513   -0.525    4.598   -4.386    0.562   -0.363 
3178.171   -4.222    4.691    0.330   -0.124    0.208   -0.316    0.770   -1.173 
3179.209    0.210   -0.115    4.583   -4.520   -0.555    0.479   -0.202    0.162 
2918.406   -2.322   -2.515    2.459    2.208    2.123    2.109   -2.093   -2.168 
3081.678   -2.281   -3.046    1.760    1.002   -2.902   -2.906    1.764    1.743 
3086.883    1.982    1.535    3.072    2.783    1.443    1.429    2.560    2.759 
3121.942   -2.055   -2.180   -2.207   -2.074    2.380    2.445    2.474    2.450 
3163.815    4.165   -3.532    1.907   -2.781    0.397   -0.048   -0.563   -0.056 
3176.446   -2.195    2.372    3.726   -3.957   -0.141    0.344    1.016   -0.945 
3180.806    0.681   -0.564   -0.386    0.451   -4.027    4.010    2.083   -2.098 
3183.991   -0.553    0.439    0.540   -0.616   -2.202    2.192   -4.019    3.904 
2917.577    2.172    2.263   -2.446   -2.367   -2.222   -2.264    2.166    2.123 
3070.092    1.078    1.203   -2.796   -3.234    2.682    2.190   -2.063   -2.025 
3084.042    2.819    2.845    1.870    1.866    2.522    2.439    1.790    1.781 
3110.812   -2.592   -2.476   -0.883   -1.898    2.217    1.405    2.873    3.041 
3153.856    0.810   -0.241    4.488   -3.743    1.273   -2.168   -0.015   -0.513 
3170.149   -0.067    0.034    1.647   -1.967   -4.038    4.341   -0.138    0.305 
3174.080   -4.058    4.150    0.610   -0.323    0.217   -0.465   -2.030    1.853 
3180.138    2.027   -1.903   -0.084    0.074    0.125   -0.202   -4.159    4.126 
2905.184    2.171    2.347   -2.499   -2.360   -2.023   -2.148    2.258    2.112 
3054.259    1.507    1.287   -2.696   -2.703    1.649    1.667   -2.812   -2.990 
3073.635    3.568    3.442    2.233    2.352    1.626    1.709    0.698    0.342 
3098.475    1.452    0.470    0.934    1.718   -3.570   -2.903   -2.009   -3.155 
3138.889   -1.551    1.472   -4.061    3.998   -0.717    1.000   -1.109    1.091 
3149.744   -2.739    3.486    2.173   -1.671   -0.898   -0.110   -3.073    1.981 
3163.466    3.004   -2.737    0.074   -0.152   -1.535    1.451   -3.117    3.302 
3175.228   -0.615    0.305    0.473   -0.827   -3.961    4.452    1.852   -1.297 
2914.101   -2.124   -2.156    2.188    2.147    2.175    2.321   -2.500   -2.377 
3070.938   -1.335   -1.358    2.945    2.922   -0.558   -0.782    3.232    3.021 
3083.429    2.826    2.810    0.749    0.740    3.212    3.364    1.104    1.350 
3111.813   -2.640   -2.424   -2.491   -2.733    2.160    1.989    1.630    1.962 
3153.501   -0.410    0.401   -0.218    0.436   -1.184    0.720   -4.369    4.454 
3169.045   -0.451    0.210   -2.952    2.807   -3.364    3.428    1.104   -0.848 
3173.885   -0.372    0.377   -3.507    3.495    2.991   -2.821   -0.400    0.285 
3176.914   -4.473    4.603    0.609   -0.450    0.065   -0.117    0.305   -0.412 
2909.473   -2.009   -2.134    2.304    2.315    2.407    2.414   -2.249   -2.120 
3065.736    1.904    1.960   -2.613   -2.721    2.473    2.425   -1.955   -1.907 
3078.410    1.958    2.054    1.557    1.950    2.732    2.218    2.732    2.720 
3106.768   -3.188   -2.645   -1.760   -2.639    1.867    1.222    1.828    2.437 
3150.730   -0.634    0.484   -0.991    0.825   -4.018    4.450   -0.957    1.470 
3158.785    1.328   -0.847    4.386   -3.931   -1.194    1.316    0.852   -0.686 
3165.781    0.982   -1.714   -1.650    1.071   -0.740    1.248    4.219   -3.754 
3179.504   -4.119    4.274    0.917   -0.585   -0.145    0.064    1.535   -1.819 
2919.360   -2.283   -2.378    2.373    2.376    2.238    2.163   -2.115   -2.102 
3078.802   -3.223   -3.055    1.048    0.721   -2.729   -2.628    1.532    1.866 
3084.240    1.595    1.603    3.031    3.267    1.025    0.770    2.695    2.795 
3115.875    2.014    1.252    2.089    2.044   -2.888   -2.732   -2.110   -2.706 
3162.801    3.813   -4.086    1.809   -2.129    0.210    0.249    1.383   -0.768 
3168.564   -1.662    2.134    4.202   -3.935   -0.626    0.761   -0.545    0.332 
3179.164    0.109   -0.153   -0.599    0.696   -4.377    4.628    0.682   -0.444 
3182.633   -1.386    1.048   -0.011   -0.031    0.554   -0.477    4.560   -4.223 
2915.518    2.173    2.316   -2.421   -2.377   -2.252   -2.105    2.155    2.203 
3070.652    0.758    0.727    2.426    2.466    1.291    1.681    3.663    3.204 
3080.555   -2.902   -3.100    1.382    0.649   -2.929   -3.048    0.929    1.567 
3108.721    2.602    2.299    2.890    2.646   -1.546   -2.629   -1.843   -1.189 
3156.223    1.376   -1.081    2.329   -2.122   -2.409    1.799    2.790   -3.411 
3165.371   -0.824    0.451   -3.404    3.946   -1.041   -0.097    2.376   -2.636 
3171.138   -4.014    4.197    1.066   -0.591   -1.936    1.654   -0.424    0.036 
3179.673   -1.580    1.324    1.083   -1.396    3.657   -3.476    2.323   -1.970 
2904.982   -2.117   -1.981    2.118    2.318    2.330    2.251   -2.387   -2.414 
3056.938    0.634    0.791    2.557    2.781    1.585    1.359    3.242    3.275 
3075.523    3.551    3.076   -1.006   -0.989    2.575    2.864   -1.057   -1.194 
3099.599    2.166    2.254    3.030    2.377   -1.954   -2.758   -1.650   -1.589 
3141.211    0.032   -0.098    0.440   -0.274   -0.666    0.520    4.508   -4.442 
3151.670    1.349   -1.297   -3.376    3.126    2.727   -2.904    0.565   -0.662 
3164.025    1.990   -1.811   -1.863    2.654   -3.795    3.058   -0.396    0.227 
3172.934    3.663   -4.200    2.251   -2.150    0.821   -0.647   -0.004    0.266 
2921.552   -2.248   -2.252    2.223    2.342    2.390    2.254   -2.155   -2.188 
3072.018    2.311    2.188    1.015    1.340    2.683    3.360    2.653    1.659 
3074.175    3.154    1.995   -1.475   -1.436    1.045    0.753   -2.796   -3.677 
3108.044    2.197    1.438    3.417    3.481   -1.587   -2.782   -0.665   -0.486 
3152.884    1.389   -2.396    0.782   -0.348   -3.052    1.868    3.214   -3.140 
3167.308   -2.658    3.747    1.580   -0.892   -3.064    2.618   -1.082   -0.110 
3178.555   -2.177    2.057   -3.339    3.290    0.289   -0.901    2.106   -2.400 
3181.051   -1.519    1.350    2.794   -2.920    2.509   -2.337    2.356   -2.096 
2915.199   -2.382   -2.441    2.155    2.107    2.212    2.267   -2.244   -2.197 
3067.785    3.363    3.381   -0.232   -0.305    2.808    2.839   -1.056   -1.136 
3083.479    0.472    0.702    3.181    3.051    0.835    0.823    3.125    3.223 
3108.068    1.798    1.610    2.518    2.553   -2.771   -2.500   -1.917   -2.293 
3151.566   -4.452    4.478    0.086   -0.101   -0.326    0.159   -0.964    0.646 
3166.309    0.356   -0.389   -1.228    1.111   -4.247    4.352   -0.854    1.012 
3171.495   -0.858    0.616    0.041   -0.199   -0.941    1.153    4.503   -4.273 
3178.140   -0.197    0.233   -4.367    4.493    1.160   -1.057    0.360   -0.334 
2927.390    2.354    2.298   -2.268   -2.216   -2.191   -2.201    2.233    2.335 
3090.676    1.451    1.078    3.066    3.033    1.249    1.268    2.736    3.057 
3091.104    2.926    2.912   -1.273   -1.209    3.065    3.005   -1.348   -1.233 
3125.168    2.319    2.264    2.152    2.300   -2.369   -2.214   -2.317   -2.384 
3178.208    3.775   -3.994    0.611   -0.855    0.729   -0.880   -2.348    1.979 
3181.327    0.184    0.031    3.804   -3.720    1.659   -1.693    2.039   -2.015 
3183.342    2.425   -2.424   -1.170    1.066   -1.588    1.725    3.409   -3.296 
3186.243    0.197   -0.198   -2.216    2.323    3.849   -3.877    1.033   -0.986 
2920.746    2.201    2.269   -2.223   -2.165   -2.294   -2.361    2.306    2.234 
3072.038   -3.159   -2.556    1.682    1.659   -2.136   -2.160    1.911    2.514 
3085.170    1.416    1.617    1.904    1.916    2.458    2.562    2.907    2.951 
3109.187   -2.742   -1.638   -2.914   -3.228    2.149    1.977    0.844    1.788 
3161.154    2.148   -3.319    0.384   -0.905    1.025   -0.699    3.868   -2.923 
3165.928    0.139   -0.535   -1.014    0.675   -4.335    4.403    1.054   -0.820 
3176.963    3.381   -3.420    1.004   -1.124   -0.518    0.564   -2.705    2.948 
3180.696   -0.999    1.331    4.450   -4.213   -0.970    0.747    0.278   -0.502 
2913.229    2.440    2.423   -2.031   -2.069   -2.058   -2.047    2.415    2.459 
3056.133   -3.699   -2.985    0.229    0.507   -1.118   -1.121    2.180    3.237 
3069.095    1.166    2.150    3.270    2.685    1.817    1.817    2.180    2.451 
3108.531    0.116    0.802    3.037    2.258   -3.392   -3.542   -0.922   -1.358 
3135.224   -3.466    3.893    0.094   -1.191    0.131    0.083   -3.009    1.819 
3150.105    2.684   -2.032   -0.286    1.030    0.092   -0.423   -3.978    3.584 
3178.494   -0.685    1.223   -4.167    4.753   -0.120   -0.121    0.160   -0.317 
3183.173   -0.131    0.085   -0.036   -0.098    4.652   -4.520    0.261   -0.187 
