  frez       Ax       Bx       By       Cy       Cx      Dx        Dy       Ay
4284.713    1.821   -1.804   -0.832    0.878    3.258   -3.263   -0.118    0.190 
4286.355   -2.535    2.569    0.759   -0.791    1.524   -1.502   -2.317    2.294 
4293.338    0.522   -0.438   -2.890    2.859   -1.102    1.150   -2.230    2.234 
4304.327    2.159   -2.172    2.295   -2.245   -0.692    0.706   -2.088    2.112 
4284.057   -2.779    2.731    2.363   -2.406    0.768   -0.802   -0.919    0.871 
4288.554   -1.692    1.729   -1.445    1.373   -2.930    2.957   -1.091    1.034 
4294.324    0.041   -0.118    1.759   -1.788   -1.944    1.882    2.801   -2.835 
4306.684    2.056   -2.036    1.976   -1.976   -1.340    1.326   -2.193    2.228 
4278.311    3.410   -3.400   -1.218    1.274   -0.132    0.134    1.254   -1.186 
4287.174   -0.837    0.894   -2.770    2.721   -2.423    2.477   -0.669    0.621 
4293.378   -0.537    0.465    1.483   -1.527   -2.257    2.190    2.680   -2.719 
4305.501   -1.446    1.426   -1.822    1.844    1.943   -1.940    2.354   -2.360 
4286.802   -2.291    2.285    2.233   -2.262    0.533   -0.527   -2.058    2.017 
4288.721    0.099   -0.194    2.697   -2.681   -0.401    0.335    2.703   -2.709 
4295.877   -1.652    1.657   -0.678    0.613   -3.388    3.405    0.232   -0.308 
4307.826    2.604   -2.598    1.435   -1.404   -1.668    1.684   -1.771    1.793 
4282.459   -0.536    0.570   -2.527    2.462   -2.824    2.869    0.145   -0.205 
4287.219    2.488   -2.531    0.189   -0.176   -0.504    0.453    2.871   -2.839 
4293.073    2.646   -2.610   -1.670    1.719    0.878   -0.815   -2.041    2.075 
4304.859   -1.095    1.094   -2.339    2.390    2.398   -2.360    1.519   -1.509 
4270.030   -0.133    0.126   -0.651    0.588   -3.629    3.624    0.985   -1.052 
4285.742   -3.215    3.201    1.790   -1.843   -0.465    0.453   -0.978    0.926 
4288.841    0.266   -0.348    2.263   -2.249    0.418   -0.502    3.058   -3.047 
4301.589   -2.067    2.084   -2.453    2.427    1.007   -1.007    1.852   -1.862 
4282.583    1.892   -1.822   -3.130    3.167   -0.386    0.457   -1.053    1.078 
4283.442   -1.238    1.271    0.391   -0.406    0.542   -0.507   -3.568    3.553 
4294.308    2.524   -2.547    1.323   -1.240    2.557   -2.557   -0.344    0.403 
4305.631   -1.799    1.819   -1.718    1.735    2.803   -2.777    0.852   -0.842 
4281.697   -2.157    2.108    2.726   -2.731    1.599   -1.673   -0.034    0.050 
4286.711   -2.171    2.186   -0.093   -0.007   -2.743    2.723    1.547   -1.599 
4295.343   -1.754    1.810   -1.229    1.189   -0.341    0.414   -3.182    3.136 
4307.024   -1.469    1.519   -2.412    2.409    2.106   -2.102    1.531   -1.492 
4280.362    0.144   -0.111   -3.217    3.199   -2.054    2.110    0.136   -0.175 
4288.748    1.189   -1.143   -1.815    1.878    2.838   -2.791   -1.388    1.450 
4292.497    3.316   -3.323    0.355   -0.333   -0.214    0.177    1.914   -1.865 
4305.797   -1.550    1.509   -0.912    0.923    1.533   -1.569    3.031   -3.026 
4277.786    1.058   -1.012   -1.933    1.974    1.215   -1.128   -2.887    2.897 
4279.796    0.886   -0.854   -2.932    2.907   -1.668    1.683    1.597   -1.612 
4292.369    3.177   -3.209    0.789   -0.720    1.526   -1.559    1.293   -1.229 
4301.167    1.626   -1.653    1.317   -1.321   -2.842    2.872   -1.488    1.427 
4276.713    1.271   -1.221   -3.534    3.546   -0.717    0.767   -0.068    0.073 
4283.479    2.104   -2.082    0.145   -0.078    3.082   -3.073   -0.859    0.940 
4287.334    2.774   -2.805    1.237   -1.228   -1.424    1.381    1.859   -1.843 
4303.102   -0.996    0.966   -0.749    0.753    1.617   -1.668    3.256   -3.232 
4286.891    0.024   -0.003    1.880   -1.848    2.933   -2.924   -1.603    1.662 
4289.864   -0.780    0.826   -2.947    2.987    0.717   -0.626   -2.193    2.192 
4293.995    3.443   -3.409   -1.148    1.195    1.098   -1.094    0.702   -0.630 
4307.151    1.558   -1.515    1.014   -1.042   -2.109    2.135   -2.619    2.612 
4277.989    0.665   -0.664    0.343   -0.280    3.741   -3.716   -0.418    0.463 
4285.106    3.325   -3.315   -1.590    1.635   -0.338    0.349    1.003   -0.965 
4291.250    0.035    0.044   -1.970    1.961   -0.194    0.249   -3.278    3.298 
4302.280    1.784   -1.814    2.876   -2.848   -0.757    0.738   -1.647    1.668 
4278.284   -3.040    3.079   -0.036   -0.029   -0.903    0.911   -2.133    2.092 
4285.956   -0.829    0.803    1.591   -1.542    3.396   -3.386   -0.281    0.288 
4290.498    1.912   -1.840   -1.172    1.202    0.770   -0.728   -3.006    3.067 
4304.022   -1.046    1.067   -3.295    3.312    1.374   -1.313    0.949   -0.972 
4279.089    0.066   -0.070   -1.543    1.486   -3.071    3.072    1.673   -1.745 
4284.613   -1.857    1.784    2.980   -3.018   -0.815    0.740    1.308   -1.345 
4291.563    3.119   -3.142    1.241   -1.206    0.432   -0.487    1.819   -1.766 
4304.079    1.266   -1.255    1.371   -1.377   -2.080    2.127   -2.632    2.596 
4280.907   -3.051    3.091   -0.302    0.265    0.143   -0.085   -2.301    2.229 
4286.976   -0.707    0.691   -0.901    0.860   -3.551    3.566    0.850   -0.919 
4292.349   -1.060    1.004    3.548   -3.555   -0.464    0.421    0.913   -0.938 
4304.286    1.950   -1.896    1.117   -1.120   -1.335    1.369   -2.812    2.831 
4278.820   -3.452    3.458    1.116   -1.170    0.089   -0.075   -1.220    1.150 
4288.617    0.708   -0.774    3.446   -3.429    0.902   -0.972    1.225   -1.192 
4290.286   -0.820    0.777    0.144   -0.195   -2.985    2.941    2.274   -2.323 
4305.606    1.245   -1.227    1.236   -1.253   -2.237    2.270   -2.583    2.554 
4275.690   -0.152    0.147    1.657   -1.610    3.198   -3.201   -1.275    1.338 
4277.342    1.370   -1.298   -3.166    3.201    1.275   -1.215   -1.052    1.096 
4293.389    3.116   -3.147    0.867   -0.820    0.502   -0.547    2.013   -1.963 
4301.234   -1.768    1.761   -1.065    1.045    1.576   -1.633    2.826   -2.801 
4286.847    0.473   -0.473   -1.687    1.631   -2.781    2.773    1.982   -2.032 
4292.927   -1.113    1.037    2.843   -2.863   -0.253    0.160    2.318   -2.328 
4296.793    3.183   -3.212    0.150   -0.079    1.523   -1.551    1.509   -1.440 
4310.596   -1.773    1.788   -1.957    1.963    2.149   -2.153    1.783   -1.763 
4277.585   -0.709    0.720   -1.531    1.444   -3.003    2.990    1.680   -1.743 
4287.340   -3.299    3.293    1.691   -1.720    0.406   -0.461    0.857   -0.850 
4288.872   -1.725    1.773   -1.898    1.891   -0.205    0.304   -2.849    2.806 
4304.616   -0.490    0.505   -2.427    2.476    2.345   -2.324    1.766   -1.721 
4279.968   -3.249    3.266    0.766   -0.815   -0.147    0.172   -1.880    1.807 
4283.441    0.263   -0.329    3.450   -3.413    1.436   -1.496    0.826   -0.799 
4292.183   -0.583    0.536    1.003   -1.040   -3.241    3.224    1.684   -1.736 
4303.149    1.939   -1.889    1.107   -1.108   -1.436    1.456   -2.770    2.798 
4284.153   -3.330    3.329    1.360   -1.411    0.196   -0.190   -1.318    1.255 
4291.868   -1.050    1.098   -2.620    2.561   -2.570    2.617   -0.417    0.359 
4294.525   -0.361    0.287    1.873   -1.902   -2.168    2.104    2.538   -2.570 
4308.494   -1.543    1.526   -1.594    1.597    1.841   -1.861    2.541   -2.535 
4285.847    0.056   -0.093    1.730   -1.660    3.431   -3.443   -0.057    0.092 
4290.795    3.324   -3.326   -1.177    1.235    0.554   -0.542    1.411   -1.368 
4296.492    0.415   -0.333   -2.064    2.078    0.982   -0.916   -3.054    3.090 
4307.811    1.877   -1.886    2.484   -2.475   -1.312    1.283   -1.826    1.857 
4284.045    1.725   -1.770   -0.439    0.443   -2.374    2.348    2.424   -2.424 
4285.900   -2.407    2.430   -0.148    0.079   -2.777    2.816   -1.047    0.957 
4293.832   -1.145    1.067    3.295   -3.286    0.214   -0.268    1.616   -1.633 
4305.297    2.150   -2.138    1.939   -1.914   -1.100    1.118   -2.271    2.293 
4282.125   -1.686    1.630    3.380   -3.386    0.429   -0.456   -0.551    0.520 
4284.880    1.561   -1.638    1.340   -1.305   -0.289    0.230    3.224   -3.199 
4293.331   -1.752    1.739   -0.338    0.279   -3.319    3.335    0.689   -0.770 
4304.549    2.537   -2.515    1.183   -1.163   -1.835    1.859   -1.878    1.902 
4278.284   -0.972    0.906    3.610   -3.609    0.824   -0.877    0.113   -0.121 
4287.304   -2.009    2.060   -0.556    0.529    0.533   -0.484   -3.179    3.153 
4290.757   -1.853    1.832    0.241   -0.311   -3.302    3.296    0.570   -0.648 
4303.453    2.528   -2.500    1.119   -1.109   -1.684    1.698   -2.063    2.091 
4277.923    0.752   -0.819   -0.241    0.205   -2.594    2.531    2.693   -2.749 
4288.307   -1.842    1.895   -1.754    1.689   -2.253    2.305   -1.781    1.714 
4292.308   -2.069    2.019    3.141   -3.162   -0.798    0.768    0.077   -0.130 
4305.886    2.557   -2.529    1.340   -1.325   -1.508    1.522   -2.034    2.071 
4277.709    0.594   -0.546   -2.424    2.352   -2.750    2.802    0.921   -0.982 
4287.700    1.616   -1.544   -2.302    2.344    1.659   -1.587   -2.017    2.066 
4295.072   -2.697    2.744   -0.443    0.378   -1.017    1.075   -2.500    2.439 
4307.828    2.117   -2.140    1.862   -1.836   -1.789    1.813   -1.896    1.881 
4277.579   -3.513    3.536   -0.272    0.212   -0.986    1.007   -1.109    1.041 
4281.866    0.906   -0.875   -2.361    2.323   -2.869    2.899    0.279   -0.302 
4292.170   -0.645    0.588    1.891   -1.926   -1.485    1.411    2.928   -2.942 
4300.657   -1.022    1.013   -2.333    2.369    1.824   -1.798    2.207   -2.208 
4280.639   -0.761    0.699    2.795   -2.732    2.455   -2.526   -0.509    0.559 
4292.585    2.154   -2.106   -1.671    1.741    2.197   -2.152   -1.565    1.633 
4296.230    2.437   -2.495    0.911   -0.859    0.300   -0.364    2.816   -2.768 
4310.480    1.894   -1.906    1.840   -1.830   -1.906    1.924   -2.039    2.027 
4282.854   -0.558    0.571    1.446   -1.395    3.191   -3.177   -1.463    1.510 
4284.328   -2.880    2.920   -0.880    0.832   -1.075    1.125   -2.111    2.047 
4294.299   -1.790    1.719    2.843   -2.881   -0.833    0.762    1.664   -1.711 
4304.747    1.721   -1.684    1.937   -1.960   -1.649    1.636   -2.297    2.326 
4282.617    0.320   -0.336   -0.747    0.710   -1.759    1.711    3.318   -3.324 
4284.380   -0.348    0.289    3.158   -3.129    1.503   -1.582    1.542   -1.504 
4292.923   -3.401    3.425    0.581   -0.661   -1.608    1.598   -0.396    0.341 
4304.386   -1.682    1.711   -1.964    1.989    2.614   -2.592    1.099   -1.075 
4286.475   -1.670    1.649    1.442   -1.491   -1.058    0.986    2.955   -2.953 
4290.743   -1.836    1.821    2.392   -2.389    1.766   -1.771   -1.604    1.603 
4294.984   -2.169    2.216   -0.955    0.877   -2.516    2.535   -1.674    1.628 
4305.058   -1.926    1.987   -2.465    2.453    2.059   -2.039    0.833   -0.809 
4268.201   -0.485    0.539   -0.153    0.155    0.830   -0.784   -3.684    3.701 
4278.960    1.646   -1.655    0.074    0.003    3.421   -3.405    0.539   -0.486 
4283.807    3.073   -3.042   -1.733    1.766   -1.349    1.375   -0.626    0.657 
4302.215    1.502   -1.558    3.430   -3.405   -0.711    0.675   -0.498    0.506 
4282.544   -1.107    1.037    3.108   -3.076    1.842   -1.896    0.691   -0.681 
4285.884    0.177   -0.144   -0.122    0.157    1.627   -1.586   -3.458    3.489 
4291.081    2.592   -2.607   -0.782    0.866    2.395   -2.380    1.279   -1.236 
4303.753    2.587   -2.633    2.122   -2.091   -1.723    1.700   -0.745    0.751 
4279.189   -1.790    1.757    2.776   -2.812   -0.340    0.259    1.902   -1.892 
4283.349    0.243   -0.221   -1.940    1.904   -1.847    1.825    2.751   -2.749 
4291.204   -3.191    3.245   -1.301    1.234   -1.008    1.044   -1.330    1.283 
4302.273    1.051   -1.082    1.238   -1.257   -3.188    3.211   -1.378    1.307 
4276.660    3.286   -3.273    0.653   -0.659    0.036   -0.090    1.883   -1.824 
4284.307   -1.484    1.420   -0.569    0.534   -2.064    2.019    2.815   -2.875 
4291.876    1.267   -1.234   -3.129    3.149   -1.464    1.530   -1.047    1.036 
4303.575   -0.463    0.441   -1.996    2.073    2.900   -2.874    1.451   -1.422 
4287.643    0.529   -0.464   -1.885    1.868    2.918   -2.933   -1.505    1.564 
4290.813    2.496   -2.520   -1.311    1.333    0.058   -0.097    2.609   -2.566 
4293.486    0.286   -0.349    2.868   -2.816    2.307   -2.356    1.085   -1.052 
4306.861    2.859   -2.845    1.198   -1.146   -0.822    0.856   -2.115    2.151 
4270.919    0.201   -0.176    0.116   -0.066    3.265   -3.228   -1.978    2.030 
4279.413   -0.121    0.056    1.590   -1.566    1.774   -1.827    2.985   -2.978 
4284.156   -2.176    2.138    2.847   -2.882   -0.684    0.659   -1.188    1.153 
4301.605   -3.148    3.192   -2.027    1.965    0.605   -0.599    0.577   -0.599 
4283.736   -2.230    2.194    2.560   -2.550    1.734   -1.778   -0.436    0.445 
4286.509   -2.774    2.796   -0.649    0.556   -2.528    2.536    0.367   -0.438 
4294.622    0.915   -0.981    2.053   -2.055   -1.109    1.029    2.920   -2.909 
4306.470    1.064   -1.074    1.896   -1.906   -2.013    2.028   -2.449    2.416 
4279.690    2.683   -2.667   -1.062    1.139    1.866   -1.812   -1.677    1.721 
4283.862    2.246   -2.263   -1.104    1.111   -2.082    2.063    2.019   -2.028 
4294.743   -0.933    0.989   -2.275    2.240   -1.946    2.017   -2.220    2.165 
4302.803   -1.199    1.251   -2.692    2.679    1.754   -1.767    1.729   -1.684 
4267.381    0.008    0.022   -1.283    1.196   -3.497    3.533    0.783   -0.852 
4283.771    1.976   -1.912   -2.171    2.193    0.235   -0.152   -2.460    2.475 
4285.463    2.659   -2.690   -0.458    0.513    0.749   -0.779    2.615   -2.573 
4301.348    1.912   -1.969    2.878   -2.840   -1.274    1.251   -1.089    1.091 
4276.904    0.190   -0.252    0.085   -0.121   -3.134    3.095    2.167   -2.245 
4289.992   -3.013    3.025    0.981   -1.028   -1.336    1.373   -1.699    1.627 
4294.523   -0.425    0.346    3.241   -3.209    1.212   -1.269    1.636   -1.630 
4306.061    2.333   -2.330    1.845   -1.804   -1.240    1.274   -2.088    2.109 
4285.660    2.058   -2.113   -0.321    0.350   -0.723    0.670    3.143   -3.106 
4294.360   -1.430    1.361    3.208   -3.218    0.645   -0.714    1.419   -1.429 
4296.455    2.212   -2.214    0.703   -0.622    2.980   -2.979   -0.704    0.785 
4310.333   -1.882    1.889   -1.971    1.976    2.231   -2.223    1.542   -1.539 
4288.399   -3.403    3.401    0.639   -0.711   -1.565    1.545    0.480   -0.535 
4289.011    1.101   -1.086   -1.997    1.966   -2.841    2.857    1.208   -1.240 
4295.265   -0.903    0.962   -2.384    2.380    0.113   -0.028   -2.879    2.851 
4306.606    1.025   -1.040    2.159   -2.176   -2.044    2.052   -2.208    2.173 
4273.798    0.370   -0.331   -3.765    3.791   -0.275    0.327   -0.339    0.340 
4281.944   -0.896    0.862    0.038   -0.082   -3.448    3.436    1.393   -1.465 
4287.811    3.537   -3.526    0.224   -0.206   -0.313    0.286    1.471   -1.423 
4300.991   -1.169    1.130   -0.518    0.522    1.596   -1.655    3.250   -3.230 
4272.035   -2.604    2.539    2.766   -2.803    0.439   -0.494   -0.186    0.151 
4284.539    2.619   -2.664    2.231   -2.153    1.619   -1.663    0.480   -0.411 
4292.926    0.377   -0.429    0.947   -0.985   -2.668    2.618    2.563   -2.602 
4306.857    0.953   -0.933    1.064   -1.078   -2.185    2.220   -2.821    2.793 
4282.328   -2.236    2.169    3.062   -3.087    0.582   -0.637   -0.032    0.010 
4287.449   -0.546    0.511    0.139   -0.194   -2.703    2.661    2.659   -2.710 
4295.749   -2.388    2.442   -1.450    1.378   -1.628    1.685   -2.078    2.012 
4307.188   -1.929    1.954   -1.804    1.783    2.090   -2.117    1.843   -1.814 
4287.587   -0.039    0.037   -1.226    1.165   -2.718    2.690    2.425   -2.464 
4291.437   -1.899    1.851    2.867   -2.890    0.243   -0.326    1.690   -1.685 
4296.087   -3.028    3.073   -0.832    0.769   -1.215    1.259   -1.842    1.784 
4308.746   -1.374    1.401   -2.088    2.105    2.414   -2.414    1.639   -1.598 
4286.871   -2.031    1.966    3.013   -3.038   -1.017    0.988    0.711   -0.762 
4290.849    1.003   -1.025   -0.823    0.810   -2.735    2.721    2.355   -2.383 
4294.991    2.645   -2.682    1.975   -1.922    1.481   -1.527    1.295   -1.232 
4306.146    1.625   -1.613    1.051   -1.036   -1.979    2.036   -2.660    2.636 
4269.956    0.955   -0.879   -3.442    3.442   -1.346    1.414    0.060   -0.061 
4282.501    0.909   -0.868   -1.082    1.156    3.354   -3.321   -1.182    1.253 
4293.162    2.332   -2.374    0.464   -0.413    0.567   -0.616    2.970   -2.920 
4305.461    2.763   -2.747    1.160   -1.128   -1.114    1.137   -2.130    2.155 
4276.622    2.033   -2.078    1.931   -1.876    2.019   -2.075    1.632   -1.570 
4282.755   -2.008    2.017    1.606   -1.589    2.067   -2.062   -1.959    1.951 
4293.051    2.427   -2.375   -1.170    1.202    0.781   -0.734   -2.620    2.663 
4300.460   -0.798    0.781   -2.631    2.704    2.412   -2.344    1.142   -1.154 
4278.531   -2.919    2.949    1.009   -1.085    0.113   -0.099   -2.254    2.186 
4290.189    1.244   -1.144   -2.415    2.440    0.121   -0.045   -2.701    2.735 
4294.984    1.032   -1.050    1.340   -1.271    3.410   -3.405   -0.579    0.631 
4308.454   -1.877    1.900   -2.463    2.460    1.784   -1.754    1.410   -1.425 
4280.197    1.845   -1.775   -3.302    3.348   -0.534    0.602   -0.043    0.072 
4286.614    0.776   -0.827    0.489   -0.488   -0.726    0.664    3.659   -3.647 
4295.951   -2.625    2.638   -1.036    0.949   -2.607    2.610    0.177   -0.250 
4307.648   -1.967    1.979   -1.541    1.554    2.683   -2.674    1.149   -1.137 
4284.681   -2.570    2.520    2.841   -2.876    0.188   -0.231    0.001   -0.034 
4288.803   -0.462    0.437   -0.221    0.166   -3.102    3.071    2.198   -2.254 
4295.515   -2.318    2.384   -2.034    1.976   -0.979    1.038   -2.073    2.024 
4306.981    1.580   -1.592    1.583   -1.569   -2.019    2.054   -2.381    2.354 
4280.178   -0.360    0.324    2.773   -2.777    0.565   -0.657    2.564   -2.517 
4282.869   -0.047    0.066   -2.173    2.147   -1.597    1.593    2.735   -2.728 
4288.791   -3.687    3.724    0.126   -0.187   -0.856    0.858   -0.482    0.446 
4302.603   -0.912    0.926   -1.482    1.536    3.342   -3.323    0.741   -0.698 
4276.631   -3.069    3.072    1.520   -1.586    0.274   -0.268   -1.687    1.617 
4286.509   -0.245    0.148    2.611   -2.621   -0.277    0.185    2.785   -2.786 
4293.354    1.825   -1.836    1.807   -1.740    2.546   -2.551   -1.293    1.358 
4307.259    1.357   -1.360    1.507   -1.528   -2.855    2.860   -1.579    1.554 
4282.173   -0.802    0.737    3.095   -3.043    2.101   -2.175   -0.283    0.320 
4294.817   -2.883    2.925   -0.432    0.368   -0.771    0.817   -2.384    2.323 
4295.827   -1.450    1.393    1.447   -1.508   -2.337    2.285    2.254   -2.314 
4311.132   -1.932    1.927   -1.713    1.716    2.045   -2.052    1.983   -1.980 
4277.059    2.029   -2.098   -0.366    0.393   -1.563    1.505    2.825   -2.791 
4283.902   -2.190    2.200    0.102   -0.186   -3.129    3.140   -0.125    0.028 
4293.154    1.503   -1.431   -2.686    2.690   -1.065    1.137   -2.038    2.038 
4306.198    1.846   -1.873    2.730   -2.705   -1.134    1.133   -1.621    1.624 
4272.340    3.653   -3.650   -0.736    0.798    0.148   -0.146    0.844   -0.785 
4284.421   -0.557    0.513    0.076   -0.122   -2.418    2.371    2.922   -2.965 
4290.701    0.025    0.039   -2.441    2.409   -2.315    2.380   -1.843    1.809 
4302.895   -0.977    1.005   -2.871    2.883    1.866   -1.849    1.434   -1.417 
4277.399   -3.276    3.308    0.750   -0.806    0.232   -0.194   -1.813    1.734 
4288.157    0.381   -0.303   -3.225    3.238    0.398   -0.314   -2.005    2.003 
4291.298    1.419   -1.409    1.507   -1.454    2.801   -2.793   -1.619    1.679 
4306.054   -1.307    1.294   -1.201    1.219    2.585   -2.617    2.217   -2.179 
4278.077    1.318   -1.234   -3.152    3.131   -1.713    1.800    0.226   -0.239 
4292.663    3.019   -3.042    0.363   -0.268    1.808   -1.840    1.501   -1.415 
4293.839   -0.521    0.461    1.052   -1.100   -1.905    1.842    3.120   -3.155 
4310.235   -1.917    1.923   -1.878    1.888    2.196   -2.193    1.656   -1.650 
4277.988   -1.744    1.655    3.136   -3.156    1.313   -1.386   -0.193    0.168 
4290.274    2.471   -2.498    0.513   -0.418    2.273   -2.286    1.802   -1.736 
4294.003   -0.265    0.199    0.975   -1.022   -2.266    2.209    2.926   -2.973 
4308.407    2.374   -2.365    1.889   -1.885   -1.655    1.633   -1.682    1.717 
4273.665    2.201   -2.283   -0.036    0.073   -0.521    0.451    3.081   -3.031 
4288.432    1.171   -1.190    1.807   -1.732    3.167   -3.181   -0.298    0.372 
4293.332   -2.440    2.376    2.380   -2.421   -0.285    0.222    1.741   -1.792 
4306.534   -1.571    1.569   -2.408    2.434    2.104   -2.069    1.435   -1.445 
4285.550    1.997   -1.942   -3.148    3.172   -0.776    0.843   -0.419    0.426 
4289.471   -0.068    0.043   -0.053    0.017   -1.815    1.764    3.389   -3.399 
4295.242   -2.627    2.669   -0.932    0.845   -2.297    2.323   -1.304    1.239 
4307.285   -1.944    1.979   -1.986    1.984    2.363   -2.356    1.197   -1.173 
4266.958   -0.041    0.045    1.793   -1.714    3.255   -3.243   -0.929    1.000 
4280.359   -1.325    1.412   -2.038    2.037    0.263   -0.164   -2.929    2.927 
4288.260   -2.166    2.152    2.513   -2.582   -1.685    1.639   -0.912    0.862 
4302.582    2.890   -2.838    0.965   -0.967   -1.108    1.101   -2.060    2.124 
4281.572   -2.763    2.811   -0.063    0.015   -0.239    0.276   -2.639    2.590 
4286.133   -0.199    0.215   -1.633    1.574   -3.422    3.432    0.566   -0.611 
4293.122    2.253   -2.183   -1.992    2.025    0.428   -0.370   -2.349    2.395 
4304.828   -1.400    1.405   -2.845    2.866    1.674   -1.632    1.367   -1.384 
4283.334   -2.372    2.423   -1.371    1.350    0.275   -0.214   -2.668    2.625 
4286.423   -0.274    0.265   -1.876    1.840   -3.207    3.230    0.876   -0.937 
4290.493   -1.787    1.750    2.988   -3.009   -1.608    1.603   -0.122    0.064 
4303.742    2.435   -2.368    0.625   -0.628   -1.288    1.316   -2.603    2.645 
4272.395    2.658   -2.682   -1.553    1.637    0.107   -0.113    2.245   -2.182 
4280.596    0.871   -0.760   -2.441    2.455    0.566   -0.502   -2.753    2.795 
4289.507    0.469   -0.491    1.036   -0.983    3.675   -3.662   -0.030    0.060 
4302.002    2.556   -2.596    2.291   -2.234   -0.975    0.964   -1.406    1.441 
4278.036   -0.223    0.148    1.660   -1.665   -2.780    2.759    2.005   -2.072 
4282.086   -0.731    0.692    3.379   -3.339    1.537   -1.546   -0.711    0.725 
4291.315    1.877   -1.917    0.116   -0.080    1.895   -1.961    2.748   -2.691 
4305.578    3.270   -3.256    0.795   -0.745   -0.928    0.960   -1.605    1.642 
4279.888   -1.762    1.716    3.234   -3.245    1.025   -1.082   -0.203    0.194 
4284.325   -3.001    3.045   -1.416    1.357   -0.995    1.043   -1.638    1.573 
4293.728   -1.021    0.979    0.329   -0.379   -2.213    2.166    2.951   -2.992 
4304.485   -1.238    1.226   -1.437    1.477    2.800   -2.791    1.820   -1.806 
4289.509   -0.107    0.074    2.164   -2.112    3.175   -3.189   -0.157    0.188 
4293.459   -1.997    2.051   -0.256    0.222   -0.049    0.087   -3.265    3.246 
4296.377   -2.045    1.991    2.529   -2.586   -1.744    1.684    1.076   -1.128 
4309.148   -2.572    2.570   -1.900    1.890    1.300   -1.279    1.688   -1.724 
4279.732   -2.807    2.856   -0.566    0.506   -1.170    1.201   -2.248    2.196 
4283.946    0.756   -0.745   -1.711    1.666   -3.157    3.160    1.132   -1.154 
4288.894    2.318   -2.272   -1.333    1.363    0.299   -0.250   -2.728    2.761 
4302.151   -0.895    0.912   -3.111    3.147    1.827   -1.768    0.945   -0.951 
4277.288   -3.596    3.599    0.326   -0.367   -0.103    0.133   -1.288    1.209 
4287.391    0.502   -0.491    1.794   -1.764    3.119   -3.127   -1.219    1.273 
4288.203    0.310   -0.248   -3.191    3.222    1.105   -1.034   -1.780    1.793 
4303.439   -1.187    1.151   -1.053    1.071    1.928   -1.974    2.918   -2.892 
4272.035   -0.177    0.152    1.595   -1.544    3.460   -3.463   -0.349    0.384 
4277.254    1.728   -1.660   -3.063    3.112    1.460   -1.404   -0.392    0.442 
4292.186   -2.611    2.665   -1.081    1.034    0.104   -0.064   -2.592    2.568 
4301.709    2.213   -2.198    1.250   -1.219   -0.734    0.755   -2.775    2.806 
4282.131    0.137   -0.194    3.694   -3.672    0.536   -0.589    0.874   -0.861 
4284.352   -3.021    3.044    0.649   -0.682    0.047   -0.014   -2.276    2.221 
4292.529   -1.263    1.226    0.129   -0.168   -3.215    3.215    1.649   -1.718 
4302.645    2.004   -1.962    0.791   -0.794   -2.005    2.037   -2.461    2.473 
4282.713    3.225   -3.193   -2.042    2.103    0.024    0.007    0.323   -0.276 
4289.890    0.039   -0.089    0.539   -0.570   -1.970    1.906    3.256   -3.275 
4294.662    1.614   -1.670    2.692   -2.636    2.071   -2.118    0.783   -0.732 
4306.861    1.293   -1.309    1.737   -1.745   -2.567    2.582   -1.864    1.828 
4271.895   -1.377    1.456    0.077   -0.119    0.186   -0.152   -3.543    3.538 
4280.809    1.741   -1.726   -0.918    0.995    3.250   -3.197   -0.545    0.595 
4284.417   -2.046    2.002    2.397   -2.406    1.966   -1.975    0.946   -0.980 
4301.417   -2.327    2.394   -2.864    2.804    0.591   -0.567    0.876   -0.901 
4283.738    0.467   -0.461    0.376   -0.314    3.413   -3.373   -1.669    1.703 
4286.474    0.552   -0.603    0.890   -0.856    1.487   -1.517    3.370   -3.360 
4291.138   -3.253    3.242    2.011   -2.062    0.192   -0.223   -0.082    0.053 
4305.353    1.881   -1.936    3.133   -3.111   -0.949    0.910   -0.708    0.716 
4283.324    2.173   -2.237   -0.286    0.321   -0.828    0.773    3.040   -2.991 
4291.750   -1.378    1.401   -1.107    1.030   -3.406    3.425   -0.032   -0.045 
4296.459   -2.061    1.996    2.741   -2.771   -0.066   -0.000    1.734   -1.764 
4309.937    1.950   -1.964    2.443   -2.438   -1.567    1.553   -1.596    1.604 
4285.684    0.914   -0.971    1.094   -1.023    2.937   -2.929    2.017   -2.013 
4289.130    0.986   -1.023   -0.566    0.549   -2.173    2.142    2.948   -2.973 
4297.008   -2.606    2.553    2.603   -2.650   -0.729    0.680    0.826   -0.878 
4308.003    2.488   -2.504    2.547   -2.533   -0.991    0.948   -1.050    1.097 
4286.382   -1.436    1.372    3.011   -2.998    1.863   -1.920   -0.367    0.370 
4294.357   -2.518    2.564   -0.634    0.561   -1.388    1.424   -2.469    2.413 
4296.704   -1.318    1.259    1.170   -1.236   -2.427    2.371    2.399   -2.461 
4311.507    2.163   -2.163    1.975   -1.974   -1.864    1.848   -1.653    1.672 
4280.051    3.465   -3.451   -1.596    1.669    0.210   -0.174    0.014    0.028 
4289.654   -0.348    0.355   -1.166    1.111   -3.212    3.197    1.727   -1.764 
4294.511    1.093   -1.163    2.443   -2.422    0.447   -0.526    2.723   -2.691 
4305.373   -1.130    1.159   -2.201    2.210    2.046   -2.051    2.110   -2.074 
4276.119   -0.313    0.391   -1.149    1.124    1.615   -1.593   -3.249    3.276 
4282.066   -1.287    1.284    1.586   -1.588   -2.692    2.742   -1.782    1.724 
4285.237   -0.517    0.464    3.194   -3.148    2.088   -2.112   -0.017    0.031 
4303.664    3.572   -3.574    0.924   -0.864   -0.526    0.539   -0.934    0.982 
4282.807    1.482   -1.536   -0.334    0.346   -1.674    1.624    3.101   -3.088 
4288.348    2.388   -2.390   -0.592    0.673    2.916   -2.913    0.359   -0.276 
4292.376    1.338   -1.268   -2.801    2.798   -1.457    1.516   -1.729    1.731 
4306.696   -2.230    2.264   -2.549    2.514    1.136   -1.129    1.414   -1.427 
4284.887   -2.604    2.656   -0.290    0.211   -1.831    1.848   -2.104    2.052 
4286.263   -1.141    1.149    1.158   -1.126    3.159   -3.138   -1.474    1.486 
4295.378    1.908   -1.834   -2.279    2.308    0.404   -0.346   -2.396    2.443 
4306.976    1.723   -1.737    2.856   -2.855   -1.141    1.103   -1.521    1.551 
4278.806    1.244   -1.309   -0.205    0.205   -1.616    1.548    3.240   -3.236 
4290.232   -2.510    2.522    0.024   -0.114   -2.864    2.870   -0.452    0.356 
4293.802   -1.646    1.582    2.899   -2.906    1.250   -1.315    1.440   -1.444 
4308.184   -2.029    2.056   -2.518    2.503    1.538   -1.527    1.392   -1.396 
4278.471   -2.010    1.963    2.743   -2.729    1.718   -1.772   -0.426    0.433 
4283.485   -2.954    2.975   -0.740    0.646   -2.308    2.332   -0.182    0.094 
4293.116    0.820   -0.889    2.187   -2.202   -1.924    1.856    2.363   -2.379 
4306.829   -1.108    1.089   -1.376    1.383    1.627   -1.658    3.000   -2.988 
4272.966    1.232   -1.299   -0.036    0.037   -1.081    1.016    3.454   -3.449 
4283.786    1.212   -1.242    1.422   -1.344    3.298   -3.316    0.601   -0.530 
4291.716   -2.972    2.922    2.182   -2.223   -0.038   -0.010    1.069   -1.122 
4303.586   -1.703    1.716   -2.819    2.834    1.648   -1.605    1.080   -1.096 
4290.974    0.851   -0.820   -2.402    2.358   -2.714    2.748    0.947   -0.982 
4293.850   -2.898    2.890    1.291   -1.363   -1.522    1.474    1.519   -1.552 
4297.423    1.904   -1.964    1.328   -1.287    0.475   -0.546    3.035   -2.987 
4310.554   -1.374    1.409   -2.371    2.377    2.195   -2.187    1.569   -1.536 
4267.693    0.608   -0.685   -0.015   -0.004   -2.137    2.051    3.111   -3.137 
4285.239   -2.578    2.588    0.937   -1.017   -2.413    2.430   -1.140    1.038 
4289.506    1.177   -1.113   -2.895    2.886   -1.720    1.782   -1.419    1.403 
4304.365    2.493   -2.535    2.354   -2.305   -1.152    1.158   -1.286    1.292 
4270.478   -1.704    1.629    3.264   -3.260    1.033   -1.123    0.097   -0.087 
4285.384    2.522   -2.545    0.621   -0.516    2.337   -2.328   -1.548    1.607 
4289.747   -1.978    2.030   -1.064    1.033    0.384   -0.319   -3.099    3.062 
4304.186    1.195   -1.220    1.587   -1.608   -2.819    2.839   -1.680    1.623 
4286.307   -2.500    2.483    2.453   -2.481    0.784   -0.799   -1.361    1.324 
4289.368    1.572   -1.646    2.546   -2.504    0.902   -0.975    2.229   -2.184 
4295.690   -1.584    1.545    0.364   -0.427   -2.922    2.893    1.891   -1.959 
4307.770   -1.876    1.858   -1.443    1.453    2.189   -2.196    2.088   -2.093 
4275.559   -0.012    0.017    0.810   -0.752    3.437   -3.434   -1.462    1.520 
4287.057    0.247   -0.324    1.878   -1.856    0.920   -1.003    3.206   -3.182 
4290.421   -2.656    2.625    2.428   -2.477   -0.969    0.947   -0.935    0.882 
4305.033    2.763   -2.790    2.168   -2.130   -0.998    0.992   -1.190    1.208 
4279.550   -1.717    1.650    3.222   -3.221    1.149   -1.214   -0.230    0.228 
4291.007   -2.515    2.510   -0.293    0.199   -2.728    2.725    0.914   -1.001 
4292.521   -1.740    1.807   -1.403    1.382    0.732   -0.663   -3.038    3.021 
4307.922   -1.559    1.558   -1.512    1.517    2.318   -2.342    2.159   -2.136 
4285.466    1.532   -1.574   -0.615    0.620   -2.002    1.957    2.831   -2.826 
4288.612   -2.749    2.713    1.948   -2.014   -1.667    1.633    0.739   -0.810 
4295.556   -0.769    0.836   -2.411    2.361   -2.307    2.374   -1.744    1.687 
4307.727   -2.037    2.068   -2.196    2.165    1.607   -1.625    1.789   -1.776 
4283.226    0.269   -0.284    1.086   -1.026    3.663   -3.660   -0.261    0.301 
4290.687   -1.885    1.942   -0.343    0.310    0.008    0.029   -3.320    3.304 
4292.049   -1.843    1.782    3.209   -3.236   -0.756    0.709    0.710   -0.750 
4305.460    2.785   -2.781    1.783   -1.756   -0.854    0.847   -1.755    1.797 
4272.883    1.080   -1.013   -3.345    3.361   -1.471    1.540    0.059   -0.049 
4281.052   -2.831    2.856   -0.433    0.365   -1.147    1.175   -2.284    2.214 
4290.287    0.570   -0.516   -1.165    1.234    3.013   -2.958   -1.995    2.043 
4301.406    2.309   -2.253    1.323   -1.341   -1.477    1.464   -2.336    2.386 
4285.906    1.074   -1.125    2.734   -2.687    2.119   -2.187    1.249   -1.194 
4288.741    2.136   -2.154   -1.134    1.138   -1.219    1.201    2.728   -2.704 
4291.167    2.834   -2.825   -0.930    0.982    1.021   -0.974   -2.180    2.197 
4304.515   -0.935    0.946   -2.248    2.300    2.784   -2.747    1.033   -1.010 
4273.676    0.310   -0.364   -0.285    0.234   -2.625    2.556    2.753   -2.807 
4286.710    1.141   -1.194    1.063   -1.002    2.561   -2.607    2.389   -2.336 
4296.296   -2.802    2.754    2.597   -2.641   -0.195    0.148    0.391   -0.439 
4308.113    2.353   -2.373    2.612   -2.599   -1.125    1.099   -1.067    1.092 
4277.421   -3.163    3.201    0.827   -0.886    0.371   -0.336   -1.945    1.880 
4286.465   -1.481    1.421    1.240   -1.290   -2.081    2.015    2.584   -2.627 
4293.228    0.583   -0.642    2.959   -2.917    2.260   -2.316    0.737   -0.686 
4304.936   -1.423    1.437   -1.942    1.942    2.267   -2.288    1.950   -1.917 
4280.283   -0.034    0.007   -0.423    0.367   -3.081    3.048    2.231   -2.293 
4288.484   -2.551    2.495    2.821   -2.853    0.033   -0.086    0.530   -0.562 
4293.641    1.814   -1.868    1.118   -1.062    1.759   -1.824    2.666   -2.608 
4306.170   -2.215    2.251   -2.329    2.295    1.436   -1.446    1.534   -1.526 
4292.583   -1.640    1.614    2.662   -2.654    1.852   -1.879   -1.252    1.257 
4295.800    0.003   -0.077    2.006   -2.015   -0.720    0.639    3.201   -3.204 
4298.114   -2.899    2.911   -0.247    0.163   -2.478    2.488   -0.401    0.323 
4312.003   -1.917    1.927   -1.900    1.903    2.164   -2.162    1.680   -1.670 
4277.249   -2.775    2.729    2.630   -2.675   -0.183    0.146    0.065   -0.107 
4282.374    2.109   -2.120    2.356   -2.319    2.148   -2.177   -0.183    0.247 
4285.604    1.426   -1.465    1.253   -1.279   -2.607    2.561    2.066   -2.089 
4302.638   -0.725    0.700   -0.728    0.738    1.792   -1.849    3.239   -3.207 
4284.217    3.064   -3.048   -1.683    1.750   -0.113    0.131    1.573   -1.520 
4291.274    0.428   -0.331   -2.139    2.143   -0.236    0.301   -3.136    3.163 
4294.387    1.057   -1.061    0.963   -0.891    3.495   -3.473   -0.776    0.825 
4308.279   -2.016    2.038   -2.526    2.520    1.607   -1.572    1.318   -1.341 
4287.533    0.070   -0.037   -2.002    1.939   -3.255    3.278    0.378   -0.419 
4291.649   -1.935    1.990   -0.380    0.344   -0.186    0.229   -3.285    3.262 
4295.461   -2.686    2.645    2.053   -2.109   -1.150    1.095    1.413   -1.460 
4308.011   -1.939    1.961   -2.534    2.534    1.673   -1.641    1.333   -1.347 
4276.597    0.461   -0.407   -3.053    3.019   -2.259    2.316    0.035   -0.062 
4287.885    2.953   -2.947   -1.017    1.099    1.985   -1.977    1.019   -0.942 
4291.071    1.138   -1.197    1.727   -1.749   -2.072    2.005    2.484   -2.491 
4305.639    2.137   -2.094    1.139   -1.140   -1.167    1.175   -2.743    2.775 
4284.586    0.228   -0.181   -3.372    3.350   -1.793    1.848   -0.213    0.188 
4288.401    3.271   -3.294   -0.158    0.204    0.468   -0.496    1.948   -1.887 
4293.986    0.639   -0.590   -1.408    1.458    2.954   -2.912   -1.902    1.952 
4305.698    1.899   -1.858    1.137   -1.148   -1.601    1.613   -2.698    2.718 
4269.197   -0.734    0.807   -0.316    0.293    0.101   -0.068   -3.715    3.733 
4277.199    2.023   -1.970   -3.243    3.278    0.064   -0.028   -0.123    0.165 
4287.476    1.117   -1.136    0.792   -0.717    3.597   -3.560   -0.203    0.234 
4297.572   -2.951    2.998   -1.859    1.807    1.378   -1.355    0.770   -0.805 
4270.579    3.712   -3.698   -0.451    0.493    0.146   -0.152    0.815   -0.760 
4279.053    0.626   -0.571   -0.677    0.710    1.297   -1.227   -3.483    3.506 
4289.791   -0.362    0.395   -3.462    3.457   -1.590    1.639    0.024   -0.055 
4301.061    0.592   -0.595    1.407   -1.446   -3.239    3.251   -1.374    1.322 
4272.397    0.466   -0.449    1.474   -1.440    3.434   -3.446   -0.631    0.702 
4278.440    0.016    0.017   -3.456    3.504    1.327   -1.265   -0.898    0.918 
4286.743    3.659   -3.628   -0.342    0.355   -0.131    0.111    1.165   -1.108 
4302.530    1.126   -1.068    0.512   -0.519   -1.011    1.065   -3.494    3.494 
4269.714    3.325   -3.335   -0.605    0.671    0.011   -0.025    1.797   -1.718 
4285.462    0.300   -0.220   -2.785    2.762   -2.147    2.216   -1.481    1.463 
4287.970   -1.452    1.393    0.113   -0.168   -2.248    2.204    2.747   -2.806 
4303.045   -1.190    1.193   -2.547    2.591    2.258   -2.216    1.305   -1.309 
4278.960    1.139   -1.200   -0.101    0.109   -1.637    1.576    3.279   -3.262 
4288.794   -2.400    2.403    0.766   -0.841   -2.827    2.842   -0.555    0.460 
4291.652    1.175   -1.109   -3.044    3.033   -1.567    1.628   -1.291    1.281 
4306.134    2.494   -2.526    2.225   -2.184   -1.235    1.243   -1.429    1.439 
4284.311   -0.298    0.304   -1.411    1.337   -3.051    3.030    1.837   -1.887 
4290.583   -3.419    3.414    1.639   -1.688   -0.110    0.066    0.512   -0.531 
4292.188    1.361   -1.421    2.000   -1.975    0.684   -0.772    2.906   -2.861 
4306.899   -0.995    1.018   -2.465    2.494    2.232   -2.210    1.649   -1.616 
4280.581    1.126   -1.165    3.444   -3.431    0.779   -0.842    0.943   -0.905 
4283.128   -3.296    3.284    1.441   -1.469    0.007    0.002   -1.353    1.293 
4293.808   -0.703    0.659    0.368   -0.405   -3.113    3.096    2.094   -2.151 
4303.199    1.467   -1.415    0.741   -0.762   -2.094    2.125   -2.763    2.766 
4274.815    0.899   -0.829   -3.702    3.696   -0.316    0.359   -0.269    0.283 
4285.778    0.110   -0.150    0.099   -0.130   -2.978    2.950    2.406   -2.449 
4291.543    2.471   -2.503    0.272   -0.212    1.893   -1.935    2.231   -2.163 
4303.273    2.799   -2.789    0.944   -0.911   -1.449    1.479   -1.974    1.991 
4286.849    2.187   -2.240    1.533   -1.505    0.532   -0.601    2.702   -2.651 
4288.929   -0.941    0.933    2.795   -2.784    2.106   -2.129   -1.253    1.270 
4296.400    2.204   -2.156   -1.622    1.683    2.352   -2.311   -1.325    1.393 
4306.419   -2.072    2.032   -1.365    1.390    2.126   -2.122    2.023   -2.041 
4279.929   -0.114    0.174   -2.707    2.643   -2.679    2.746   -0.349    0.302 
4286.108   -3.049    3.072    0.453   -0.496   -0.019    0.037   -2.286    2.235 
4294.966    1.743   -1.689   -1.415    1.468    1.680   -1.619   -2.626    2.668 
4305.112   -1.544    1.539   -2.270    2.309    2.170   -2.129    1.575   -1.586 
4280.321    3.759   -3.735    0.093   -0.064    0.583   -0.596    0.532   -0.469 
4288.595    0.301   -0.305   -2.139    2.122   -2.827    2.840    1.421   -1.460 
4290.693    0.258   -0.211   -2.810    2.856    0.977   -0.894   -2.397    2.405 
4303.154    0.685   -0.662    1.445   -1.484   -2.331    2.353   -2.597    2.563 
4280.078   -2.691    2.653    2.549   -2.567    0.891   -0.929   -0.415    0.394 
4283.169    2.449   -2.466    1.768   -1.701    2.353   -2.387    0.095   -0.016 
4290.383    0.758   -0.812    1.972   -2.002   -2.355    2.293    2.168   -2.192 
4305.260   -0.946    0.916   -1.077    1.089    1.673   -1.710    3.149   -3.131 
4287.100   -0.210    0.201    1.614   -1.560    3.356   -3.362   -0.911    0.960 
4289.347    3.454   -3.468   -0.292    0.349    0.750   -0.769    1.471   -1.405 
4296.691    0.668   -0.589   -2.776    2.798    0.705   -0.623   -2.473    2.493 
4308.438    1.528   -1.512    2.085   -2.099   -1.556    1.552   -2.376    2.385 
4274.271    2.404   -2.436   -0.056    0.073   -0.608    0.547    2.928   -2.879 
4279.885   -2.502    2.445    1.986   -2.037   -0.895    0.833    1.910   -1.955 
4285.967   -1.385    1.400   -3.141    3.124   -1.500    1.528    0.773   -0.816 
4301.420    0.847   -0.844    0.881   -0.916   -3.362    3.386   -1.382    1.328 
4267.876    1.744   -1.834   -0.103    0.125   -1.029    0.947    3.239   -3.204 
4283.261    1.890   -1.905    0.676   -0.581    3.268   -3.267    0.014    0.081 
4291.771   -2.421    2.363    2.263   -2.285    0.942   -0.998    1.687   -1.717 
4305.717   -1.455    1.478   -3.029    3.037    1.464   -1.425    1.146   -1.155 
4280.823   -0.645    0.594    2.563   -2.555    0.678   -0.762    2.698   -2.667 
4283.479    0.496   -0.474   -2.194    2.163   -1.663    1.667    2.632   -2.634 
4292.582   -3.342    3.382    0.085   -0.173   -1.802    1.797   -0.438    0.397 
4303.722   -1.658    1.692   -1.824    1.849    2.881   -2.853    0.601   -0.576 
4276.615    0.776   -0.727   -2.108    2.045   -3.050    3.104    0.512   -0.560 
4284.166    3.286   -3.260   -1.135    1.219    1.616   -1.595    0.124   -0.047 
4294.763   -1.027    1.110   -2.201    2.185    0.761   -0.681   -2.880    2.876 
4306.843    1.507   -1.510    2.056   -2.045   -1.440    1.447   -2.488    2.489 
4274.964   -3.228    3.221    1.742   -1.814    0.076   -0.078   -1.066    0.990 
4287.864    0.040   -0.129    1.818   -1.830   -1.983    1.912    2.742   -2.762 
4291.434    1.325   -1.377    2.482   -2.421    2.599   -2.642    0.217   -0.153 
4305.769    1.554   -1.552    1.489   -1.477   -1.997    2.038   -2.477    2.449 
4288.796    2.271   -2.293    2.256   -2.243    1.193   -1.262    1.741   -1.679 
4291.886    1.630   -1.632   -2.135    2.133   -1.890    1.895    1.991   -1.992 
4296.225    2.369   -2.320   -1.517    1.569    1.508   -1.453   -2.141    2.190 
4306.765   -1.179    1.154   -1.626    1.682    2.743   -2.732    1.787   -1.772 
4275.521    3.249   -3.203   -1.793    1.857   -0.519    0.556    0.801   -0.742 
4280.981   -1.265    1.311   -1.757    1.683   -3.051    3.075   -0.829    0.784 
4292.086   -0.186    0.115    1.503   -1.543   -1.654    1.581    3.113   -3.140 
4302.278   -1.595    1.592   -2.452    2.482    1.568   -1.522    1.913   -1.937 
4284.765    0.921   -0.994    2.427   -2.419   -0.421    0.345    2.794   -2.773 
4285.540   -1.830    1.820    2.796   -2.813    0.766   -0.766   -1.725    1.697 
4294.506   -2.566    2.548   -0.431    0.374   -2.700    2.707    0.816   -0.903 
4305.569    1.997   -1.979    0.881   -0.889   -2.579    2.608   -1.820    1.809 
4282.537    2.283   -2.336   -0.000    0.017   -0.884    0.812    2.961   -2.911 
4291.820   -0.031    0.068   -3.499    3.497   -1.499    1.558   -0.423    0.391 
4292.867    2.637   -2.594   -0.834    0.901    2.291   -2.255   -1.363    1.446 
4307.817   -1.602    1.580   -1.306    1.335    2.551   -2.566    1.998   -1.975 
4279.989    1.276   -1.205   -3.326    3.326   -1.391    1.457    0.193   -0.190 
4292.175    0.032   -0.095    1.120   -1.159   -2.256    2.195    2.896   -2.931 
4292.914    2.777   -2.794    0.244   -0.159    2.146   -2.170    1.552   -1.470 
4308.307    2.341   -2.328    1.509   -1.505   -1.757    1.764   -1.978    1.994 
4284.252   -2.153    2.077    3.149   -3.172   -0.463    0.436    0.103   -0.159 
4292.142    0.442   -0.471   -0.247    0.231   -3.175    3.171    2.080   -2.123 
4296.657   -2.375    2.426   -1.769    1.707   -1.470    1.521   -1.965    1.906 
4308.143    2.081   -2.068    1.294   -1.260   -1.470    1.518   -2.567    2.571 
4266.380   -2.341    2.300    2.954   -2.995    0.519   -0.578   -0.201    0.176 
4271.493   -2.494    2.549   -1.975    1.931   -0.708    0.771   -1.994    1.937 
4281.014   -1.568    1.548   -0.834    0.800   -1.087    1.060    3.214   -3.231 
4299.223   -0.637    0.635   -1.081    1.147    3.584   -3.556    0.600   -0.571 
4280.336    3.394   -3.366   -1.446    1.509    0.988   -0.960   -0.286    0.343 
4283.233   -0.579    0.583    1.174   -1.134    3.250   -3.246   -1.547    1.595 
4291.950    1.384   -1.452    2.949   -2.927    0.148   -0.220    2.024   -2.000 
4303.161   -0.941    0.942   -1.602    1.601    1.754   -1.796    2.870   -2.834 
4281.395   -2.369    2.354   -2.750    2.771   -0.907    0.976   -0.767    0.707 
4287.456   -2.897    2.869    2.411   -2.440    0.507   -0.537   -0.522    0.493 
4294.943   -0.620    0.579    0.369   -0.410   -2.119    2.065    3.130   -3.155 
4306.150    0.666   -0.635    0.977   -1.037   -3.036    3.047   -2.039    2.002 
4280.859   -0.787    0.785    0.748   -0.783   -0.842    0.765    3.597   -3.556 
4286.697   -0.921    0.883    3.138   -3.117    1.960   -2.011   -0.410    0.437 
4293.631   -3.251    3.302   -0.066   -0.015   -1.670    1.684   -1.118    1.072 
4304.053   -1.576    1.626   -2.077    2.094    2.720   -2.704    0.715   -0.671 
4277.192    0.010   -0.028   -0.516    0.456   -2.630    2.582    2.742   -2.778 
4286.747    0.281   -0.337    1.848   -1.801    2.240   -2.313    2.493   -2.439 
4294.550   -3.204    3.199    1.925   -1.985   -0.768    0.738   -0.371    0.330 
4306.184    2.077   -2.125    2.721   -2.711   -1.475    1.447   -0.915    0.910 
4278.028   -1.145    1.075    3.273   -3.253    1.618   -1.701   -0.092    0.110 
4290.009    2.277   -2.329    0.729   -0.681    0.298   -0.354    2.994   -2.946 
4292.082    2.298   -2.275   -0.439    0.527    2.380   -2.346   -1.887    1.952 
4307.080   -1.717    1.724   -1.803    1.824    2.513   -2.506    1.496   -1.478 
4276.350    1.232   -1.303   -0.003    0.022   -0.819    0.764    3.529   -3.515 
4286.296    1.076   -1.101    0.775   -0.701    3.575   -3.579    0.440   -0.381 
4291.709   -2.657    2.610    2.588   -2.629    0.128   -0.174    0.965   -1.010 
4305.636   -2.220    2.255   -2.736    2.711    1.131   -1.103    1.032   -1.054 
4279.842    1.051   -0.985   -2.698    2.644   -2.500    2.570    0.214   -0.250 
4289.008    2.877   -2.866   -0.969    1.065    2.156   -2.121   -0.891    0.953 
4294.665   -1.451    1.509   -0.936    0.908    0.102   -0.042   -3.433    3.411 
4307.389   -1.783    1.824   -2.390    2.380    1.929   -1.911    1.465   -1.454 
4282.607    0.464   -0.528    2.151   -2.132    0.784   -0.855    3.040   -3.012 
4284.996   -1.365    1.355    2.586   -2.588    1.457   -1.474   -2.007    2.002 
4292.090   -3.154    3.162    0.134   -0.213   -1.976    1.954    0.901   -0.951 
4303.110   -1.621    1.636   -1.820    1.859    2.860   -2.821    0.797   -0.791 
4288.527    0.737   -0.804    0.761   -0.742   -2.639    2.624    2.563   -2.587 
4290.151   -2.697    2.697    1.663   -1.695   -1.630    1.671   -1.418    1.336 
4295.883    0.019    0.051   -3.049    3.001   -2.020    2.071   -1.212    1.184 
4308.167    2.627   -2.624    1.514   -1.460   -0.920    0.957   -2.176    2.198 
4286.142    0.053   -0.015   -3.624    3.639   -0.949    1.023   -0.743    0.719 
4287.294   -0.587    0.625    0.184   -0.156    1.848   -1.794   -3.308    3.326 
4293.703    3.532   -3.508   -0.375    0.426    1.473   -1.472    0.185   -0.112 
4305.602    1.415   -1.398    1.128   -1.166   -2.874    2.889   -1.793    1.759 
4273.963   -2.900    2.931    0.129   -0.172    0.018    0.016   -2.497    2.443 
4285.791    2.338   -2.267   -1.121    1.157    0.582   -0.529   -2.762    2.813 
4290.981    0.358   -0.393    2.763   -2.717    2.627   -2.667   -0.260    0.304 
4305.844   -0.829    0.838   -2.411    2.455    2.749   -2.709    0.844   -0.832 
4291.326   -2.408    2.389    2.423   -2.439    0.839   -0.844   -1.560    1.527 
4293.553    0.658   -0.744    2.571   -2.546   -0.381    0.320    2.755   -2.752 
4294.746   -1.646    1.643   -0.311    0.251   -3.441    3.462    0.202   -0.278 
4308.792    2.420   -2.404    1.497   -1.471   -1.406    1.428   -2.165    2.189 
4275.583   -3.019    3.044    0.777   -0.850    0.063   -0.047   -2.220    2.150 
4288.868    1.458   -1.361   -2.212    2.239   -0.035    0.111   -2.767    2.803 
4293.983    1.082   -1.098    1.661   -1.596    3.197   -3.198   -0.807    0.859 
4307.504   -1.505    1.523   -2.536    2.558    2.149   -2.108    1.201   -1.210 
4283.611    1.139   -1.182   -0.405    0.397   -2.399    2.354    2.744   -2.749 
4287.797   -2.722    2.733    0.580   -0.660   -2.463    2.469   -0.933    0.851 
4292.722    1.258   -1.187   -2.726    2.722   -1.267    1.332   -2.033    2.034 
4306.411   -2.092    2.125   -2.623    2.593    1.135   -1.128    1.488   -1.497 
4282.378    1.792   -1.720   -3.212    3.230   -1.053    1.110    0.238   -0.220 
4290.866   -0.944    0.898    0.617   -0.683   -3.017    2.976    2.085   -2.149 
4295.079    2.321   -2.371    1.053   -0.990    1.276   -1.327    2.580   -2.526 
4308.569    2.305   -2.306    1.698   -1.680   -1.695    1.706   -1.922    1.929 
4279.687    0.833   -0.791   -3.706    3.731   -0.178    0.228   -0.344    0.353 
4284.247    3.528   -3.504    0.680   -0.646    1.322   -1.342    0.340   -0.264 
4287.955    0.942   -0.967    0.162   -0.190   -3.091    3.067    2.053   -2.090 
4303.712   -0.877    0.840   -0.578    0.587    1.820   -1.877    3.216   -3.190 
4283.651   -2.980    2.950    2.402   -2.443    0.088   -0.123   -0.164    0.129 
4287.217   -1.336    1.390   -1.868    1.866    0.475   -0.399   -3.038    3.018 
4289.814    1.786   -1.791    2.023   -1.974    2.124   -2.124   -1.709    1.758 
4305.131    0.912   -0.913    1.145   -1.176   -3.165    3.179   -1.608    1.563 
4276.443   -2.713    2.768    0.387   -0.435    0.612   -0.563   -2.603    2.542 
4286.006    2.033   -2.009   -0.215    0.289    2.871   -2.844   -1.507    1.581 
4292.691    1.093   -1.026   -2.386    2.371   -1.989    2.058   -1.977    1.954 
4306.389   -1.381    1.412   -2.984    2.980    1.461   -1.444    1.349   -1.343 
4276.161    3.511   -3.497   -1.226    1.266    0.406   -0.412    0.834   -0.766 
4281.325    0.726   -0.776    3.107   -3.058    2.077   -2.128    0.441   -0.398 
4286.444    0.598   -0.646    1.702   -1.711   -3.037    3.020    1.469   -1.502 
4302.046    1.210   -1.159    0.830   -0.827   -0.938    0.975   -3.419    3.434 
4277.279   -0.222    0.197    2.644   -2.604    2.681   -2.711   -0.655    0.692 
4278.938    0.667   -0.747    1.713   -1.705   -0.831    0.768    3.251   -3.257 
4285.489    1.653   -1.647   -2.024    2.074    2.449   -2.450    1.349   -1.292 
4302.302    3.401   -3.380    0.814   -0.785   -0.859    0.862   -1.342    1.394 
4281.712   -0.750    0.833   -2.035    1.997   -0.867    0.911   -3.027    3.031 
4284.888   -1.193    1.183    2.772   -2.762    1.370   -1.382   -1.932    1.938 
4291.992    1.484   -1.460   -1.282    1.343    3.274   -3.241   -0.445    0.496 
4303.673    3.257   -3.244    1.124   -1.101   -1.198    1.183   -1.208    1.265 
4281.501    0.525   -0.574    3.538   -3.531    0.983   -1.055    0.923   -0.893 
4283.305   -3.069    3.084    0.932   -0.965    0.239   -0.215   -2.095    2.041 
4294.020   -1.721    1.670    0.318   -0.369   -2.449    2.414    2.386   -2.450 
4304.312   -1.449    1.416   -1.054    1.093    2.783   -2.789    1.947   -1.941 
4279.338   -2.845    2.904    0.580   -0.626    0.905   -0.854   -2.320    2.265 
4287.375    1.861   -1.843   -0.036    0.117    3.172   -3.147   -1.091    1.177 
4295.439    0.678   -0.597   -2.981    2.972   -1.134    1.216   -2.036    2.019 
4308.491   -1.601    1.611   -2.357    2.352    1.604   -1.609    2.020   -2.011 
4283.046    3.494   -3.488   -1.158    1.209   -0.030    0.025    1.073   -1.016 
4285.497   -0.631    0.583    0.535   -0.579   -2.716    2.662    2.582   -2.626 
4292.571   -0.729    0.778   -3.213    3.198   -1.574    1.639   -1.167    1.125 
4303.408    1.245   -1.242    1.650   -1.660   -2.199    2.232   -2.373    2.333 
4282.575   -1.896    1.828    3.236   -3.233   -0.849    0.847    0.087   -0.144 
4290.389    0.802   -0.823   -0.476    0.475   -3.333    3.357    1.609   -1.650 
4291.898   -2.608    2.658   -1.809    1.744   -1.221    1.267   -1.788    1.729 
4306.017    1.933   -1.897    0.925   -0.893   -1.093    1.145   -2.995    3.010 
4279.030    0.130   -0.181    0.160   -0.186   -3.285    3.270    1.926   -1.996 
4285.699   -0.289    0.220    3.681   -3.642    0.679   -0.717    0.855   -0.854 
4289.075    2.373   -2.403   -0.689    0.724    1.525   -1.573    2.499   -2.444 
4304.443    3.011   -2.980    0.880   -0.843   -0.995    1.021   -1.982    2.028 
4272.799   -0.144    0.155   -1.434    1.379   -3.485    3.508    0.590   -0.655 
4281.701   -2.522    2.472    2.710   -2.758   -0.963    0.919    0.246   -0.297 
4288.240    2.662   -2.705    2.067   -2.049   -0.671    0.615    1.701   -1.670 
4302.936   -1.121    1.091   -0.987    0.986    1.020   -1.066    3.390   -3.383 
4283.778    1.437   -1.473    2.565   -2.527    2.146   -2.211    1.181   -1.120 
4288.644   -2.405    2.417    1.242   -1.245    1.400   -1.386   -2.342    2.320 
4298.157    1.776   -1.724   -2.064    2.128    2.179   -2.120   -1.616    1.671 
4305.707   -1.960    1.906   -1.493    1.535    1.860   -1.841    2.282   -2.316 
4286.813   -2.513    2.478    2.626   -2.656    0.725   -0.754   -1.004    0.972 
4290.923    0.995   -1.070    2.102   -2.088    0.021   -0.099    3.053   -3.036 
4295.246   -2.225    2.217   -0.871    0.797   -2.692    2.682    1.344   -1.418 
4308.584   -1.582    1.583   -1.622    1.643    2.650   -2.647    1.614   -1.602 
4289.211   -0.145    0.140    1.306   -1.259    3.463   -3.459   -1.023    1.065 
4291.904   -2.541    2.492    2.678   -2.721   -1.057    1.020    0.176   -0.228 
4295.554   -1.697    1.765   -1.562    1.524   -0.385    0.440   -3.046    3.025 
4307.718    2.326   -2.328    1.867   -1.840   -1.218    1.223   -2.092    2.113 
4281.003   -2.881    2.853    1.931   -1.955    1.095   -1.116   -1.229    1.187 
4281.877   -1.837    1.883   -2.084    2.017   -2.385    2.437   -1.119    1.052 
4294.289   -0.663    0.594    1.828   -1.879   -2.237    2.168    2.443   -2.484 
4304.180   -1.630    1.593   -1.797    1.825    1.688   -1.669    2.444   -2.471 
4283.384   -2.787    2.805    0.956   -0.988    0.851   -0.818   -2.310    2.266 
4286.034    1.806   -1.745   -1.776    1.829    1.747   -1.682   -2.288    2.335 
4292.829   -1.362    1.398   -2.943    2.908   -2.022    2.069   -0.325    0.269 
4304.661   -1.345    1.345   -1.396    1.407    2.615   -2.649    2.032   -1.987 
4285.799    2.314   -2.361   -0.103    0.158    1.056   -1.078    2.857   -2.823 
4286.615   -1.017    0.945    3.497   -3.481    1.110   -1.148    0.531   -0.549 
4291.493   -0.371    0.331    0.730   -0.761   -3.394    3.381    1.579   -1.626 
4303.929    2.876   -2.849    1.410   -1.379   -0.904    0.901   -1.915    1.977 
4289.067    0.185   -0.134   -2.679    2.623   -2.736    2.777   -0.284    0.251 
4292.147   -1.771    1.819   -0.088    0.064    0.323   -0.285   -3.390    3.371 
4296.056   -2.819    2.796    1.456   -1.526   -1.744    1.698    1.277   -1.325 
4308.006   -1.895    1.916   -2.341    2.349    2.040   -2.005    1.239   -1.245 
4283.589    0.808   -0.886    2.003   -1.981   -1.838    1.806    2.567   -2.592 
4286.690   -0.818    0.797    3.207   -3.173    1.686   -1.696   -1.003    1.020 
4288.552   -2.366    2.376    0.349   -0.385   -2.625    2.677   -1.423    1.342 
4303.644    2.808   -2.762    0.635   -0.612   -1.198    1.231   -2.242    2.285 
4269.188   -2.978    2.929    2.165   -2.226    0.330   -0.362   -0.995    0.920 
4276.670    1.705   -1.767    2.726   -2.684    1.492   -1.564    1.423   -1.367 
4291.839   -0.348    0.297    0.901   -0.955   -3.138    3.097    1.989   -2.034 
4300.494    1.692   -1.632    1.258   -1.280   -1.590    1.590   -2.777    2.812 
4281.471    2.341   -2.378   -0.332    0.355   -0.875    0.836    2.889   -2.863 
4285.704    2.655   -2.634   -0.331    0.406    2.296   -2.266   -1.502    1.571 
4291.700    0.937   -0.884   -2.066    2.041   -2.543    2.600   -1.766    1.739 
4306.578   -1.121    1.156   -3.210    3.215    1.490   -1.458    0.994   -0.987 
4289.587    2.824   -2.829    1.774   -1.770    0.608   -0.670    1.810   -1.750 
4292.497    1.528   -1.514   -2.961    2.976   -1.538    1.569    1.104   -1.108 
4295.085    1.884   -1.828   -0.970    1.019    1.876   -1.822   -2.602    2.651 
4308.019    0.999   -0.973    1.312   -1.363   -2.922    2.926   -1.875    1.846 
4286.532    0.297   -0.330   -0.534    0.486   -2.735    2.688    2.625   -2.667 
4295.447   -0.165    0.235   -2.500    2.467   -1.767    1.841   -2.318    2.284 
4296.344   -3.192    3.178    1.640   -1.707   -1.238    1.219   -0.596    0.534 
4310.552   -2.109    2.132   -2.363    2.352    1.622   -1.612    1.454   -1.453 
4277.054   -0.182    0.211    0.757   -0.699    3.305   -3.270   -1.777    1.838 
4287.569    1.293   -1.367    1.797   -1.759    1.222   -1.293    2.877   -2.846 
4292.132   -2.310    2.271    2.891   -2.933   -0.972    0.937   -0.351    0.300 
4305.265    2.783   -2.770    1.607   -1.590   -1.160    1.160   -1.752    1.790 
4284.151   -2.894    2.932    0.700   -0.741    0.858   -0.827   -2.257    2.209 
4287.145    1.467   -1.471    0.460   -0.382    3.488   -3.483   -0.434    0.506 
4295.334   -1.209    1.130    2.567   -2.573    0.489   -0.563    2.545   -2.555 
4307.983    1.632   -1.652    2.739   -2.732   -1.260    1.246   -1.734    1.742 
4275.695    0.940   -1.018    0.860   -0.856   -1.553    1.480    3.259   -3.260 
4281.613   -1.554    1.516    3.466   -3.476   -0.095    0.092   -0.521    0.481 
4290.548    2.545   -2.549    1.244   -1.186    2.579   -2.612    0.171   -0.072 
4302.214   -2.224    2.208   -0.634    0.617    2.356   -2.407    1.947   -1.929 
4276.152   -0.156    0.142    0.232   -0.253   -0.918    0.859    3.721   -3.694 
4281.278   -0.224    0.265   -1.896    1.830   -3.251    3.287   -0.691    0.642 
4291.100   -3.367    3.386    1.640   -1.703   -0.631    0.602   -0.409    0.386 
4301.312    1.772   -1.827    2.898   -2.903   -1.701    1.654   -0.515    0.507 
4274.458   -1.351    1.409    0.133   -0.096    1.768   -1.686   -3.099    3.136 
4282.318    3.294   -3.264    0.508   -0.445    1.881   -1.872   -0.342    0.441 
4291.830    1.202   -1.149   -2.884    2.885   -1.608    1.674   -1.535    1.527 
4304.330   -0.792    0.783   -2.460    2.516    2.362   -2.330    1.567   -1.551 
4279.740   -3.612    3.642    0.989   -1.056   -0.380    0.347    0.545   -0.553 
4288.713   -0.339    0.384   -2.661    2.614   -2.654    2.682    0.708   -0.736 
4289.795    0.888   -0.922    1.182   -1.181   -0.380    0.304    3.543   -3.495 
4303.110   -0.712    0.746   -2.290    2.328    2.728   -2.706    1.245   -1.201 
4276.434   -0.629    0.555    3.307   -3.246    1.833   -1.918   -0.126    0.166 
4290.961   -1.521    1.583   -0.825    0.811    0.719   -0.656   -3.352    3.338 
4294.273    2.847   -2.828   -0.825    0.911    2.364   -2.352   -0.577    0.662 
4308.360   -1.990    1.984   -1.575    1.583    2.272   -2.280    1.778   -1.771 
4283.230    0.895   -0.938   -0.267    0.253   -1.833    1.792    3.235   -3.247 
4286.022   -1.081    1.125   -1.240    1.172   -3.099    3.128   -1.549    1.498 
4294.970   -2.966    2.921    2.276   -2.322   -0.292    0.246    0.837   -0.886 
4306.420    1.999   -2.019    2.824   -2.822   -1.300    1.262   -1.045    1.066 
4280.452   -1.107    1.041    3.373   -3.354    1.446   -1.510   -0.136    0.147 
4292.374    3.173   -3.187    0.268   -0.185    1.876   -1.898    1.048   -0.966 
4293.747    0.296   -0.356    1.182   -1.214   -2.254    2.195    2.862   -2.889 
4308.201    1.844   -1.827    1.368   -1.372   -2.005    2.021   -2.341    2.337 
4276.950    1.351   -1.281   -3.557    3.560   -0.458    0.503    0.110   -0.084 
4282.352    1.896   -1.958    0.822   -0.783   -0.068    0.017    3.228   -3.195 
4291.903   -1.772    1.747   -0.217    0.158   -3.232    3.240    1.022   -1.103 
4302.103    2.500   -2.470    1.140   -1.127   -1.998    2.015   -1.785    1.812 
4281.745    3.493   -3.488    0.261   -0.244   -0.054    0.010    1.589   -1.517 
4286.073    0.784   -0.743    0.472   -0.431    3.315   -3.294   -1.696    1.763 
4291.721    0.747   -0.705   -3.600    3.635   -0.185    0.251   -1.033    1.037 
4303.946   -1.191    1.147   -1.156    1.182    1.913   -1.955    2.886   -2.865 
4280.421    1.590   -1.530   -3.288    3.315   -1.103    1.165    0.215   -0.199 
4284.142    1.619   -1.676    0.894   -0.862    0.283   -0.337    3.348   -3.315 
4292.908   -2.430    2.410   -0.207    0.125   -2.593    2.567    1.447   -1.517 
4304.562   -1.927    1.924   -1.707    1.739    2.607   -2.576    1.157   -1.164 
4279.516    0.347   -0.392   -0.786    0.717   -3.003    2.940    2.223   -2.301 
4292.920    0.986   -1.066    2.587   -2.552    1.224   -1.302    2.355   -2.329 
4295.087   -3.017    2.988    2.044   -2.107   -1.168    1.135   -0.375    0.308 
4309.950    2.144   -2.132    1.810   -1.811   -1.715    1.710   -1.990    2.008 
4276.613   -3.655    3.667    0.707   -0.767   -0.134    0.132   -0.846    0.799 
4283.985   -0.659    0.618    0.642   -0.670   -0.969    0.901    3.600   -3.601 
4292.920   -0.405    0.453   -2.868    2.824   -2.511    2.557   -0.234    0.193 
4305.417   -0.783    0.812   -2.367    2.400    2.741   -2.719    1.011   -0.978 
4278.558    0.857   -0.818   -2.294    2.250   -2.898    2.936    0.519   -0.555 
4283.827    3.018   -2.991   -1.347    1.427    1.941   -1.919   -0.019    0.097 
4292.838    1.722   -1.796    2.401   -2.384   -0.984    0.914    2.246   -2.233 
4306.355    1.378   -1.359    1.375   -1.369   -1.222    1.253   -3.079    3.078 
4283.846    0.577   -0.622    0.178   -0.191   -1.180    1.115    3.603   -3.602 
4288.137   -3.151    3.125    2.146   -2.198   -0.199    0.158    0.331   -0.368 
4294.883    1.569   -1.618    2.479   -2.413    2.448   -2.484    0.422   -0.366 
4306.636   -1.390    1.419   -1.998    2.010    2.713   -2.707    1.210   -1.178 
4273.347    3.570   -3.568   -0.242    0.288    0.879   -0.849   -1.002    1.018 
4283.149    1.326   -1.337    0.137   -0.163   -1.865    1.807    3.093   -3.079 
4290.391   -0.023    0.043   -3.100    3.110   -1.975    2.042   -1.049    1.000 
4298.855   -0.269    0.286   -2.211    2.255    2.560   -2.566    1.787   -1.723 
4279.403   -2.364    2.309    2.999   -3.035   -0.041   -0.006    0.282   -0.313 
4282.590    0.864   -0.850    0.876   -0.821    3.253   -3.244   -1.599    1.668 
4288.252    2.757   -2.795    1.987   -1.965   -0.415    0.365    1.726   -1.697 
4302.202   -0.882    0.869   -0.961    0.965    1.966   -2.025    3.030   -2.989 
4287.587   -2.796    2.761    2.423   -2.472    0.434   -0.489    0.871   -0.896 
4291.384    1.145   -1.170    0.976   -0.895    3.469   -3.448   -0.729    0.763 
4292.735   -1.353    1.394   -0.230    0.200   -0.234    0.263   -3.574    3.566 
4306.479    1.916   -1.972    2.807   -2.796   -1.599    1.558   -0.798    0.800 
4288.497   -0.883    0.957   -2.403    2.353   -1.849    1.893   -2.179    2.157 
4289.974   -1.905    1.912    1.866   -1.873    1.353   -1.351   -2.408    2.401 
4296.333    1.946   -1.902   -1.567    1.635    2.628   -2.581   -1.279    1.339 
4306.857    2.570   -2.559    1.737   -1.738   -1.634    1.609   -1.570    1.611 
4279.017   -0.443    0.473   -3.684    3.689   -0.482    0.539   -0.767    0.745 
4287.701    2.649   -2.657   -0.768    0.779   -0.662    0.631    2.602   -2.565 
4291.608   -1.909    1.865    0.372   -0.411   -3.057    3.057    1.254   -1.333 
4302.051    2.005   -1.950    0.531   -0.548   -2.154    2.189   -2.409    2.413 
4285.080    0.778   -0.822   -0.483    0.444   -2.525    2.468    2.738   -2.781 
4291.278    3.452   -3.442   -0.775    0.852    1.474   -1.459    0.234   -0.157 
4296.691    0.230   -0.161   -2.760    2.739   -1.673    1.746   -2.073    2.050 
4309.954   -1.466    1.483   -2.518    2.524    1.857   -1.845    1.685   -1.676 
4272.409    0.123   -0.069   -2.598    2.526   -2.798    2.865    0.026   -0.078 
4280.813    3.546   -3.549   -0.490    0.548    0.601   -0.612    1.236   -1.166 
4291.759    0.016    0.048   -2.392    2.430    2.182   -2.109   -2.064    2.088 
4303.426    1.460   -1.419    1.411   -1.426   -1.284    1.289   -2.990    3.011 
4287.149    0.360   -0.394    2.938   -2.904    2.421   -2.469    0.254   -0.211 
4291.260    2.565   -2.598   -0.014    0.029   -0.665    0.621    2.786   -2.752 
4295.953    1.857   -1.809   -2.081    2.146    2.381   -2.328   -1.148    1.208 
4307.261    2.162   -2.121    1.301   -1.320   -1.674    1.673   -2.364    2.390 
4280.012    0.088   -0.053    0.485   -0.438    3.501   -3.482   -1.462    1.535 
4285.405    3.138   -3.146    1.156   -1.135    0.525   -0.578    1.818   -1.757 
4290.660   -1.535    1.485    3.481   -3.496   -0.240    0.200    0.462   -0.493 
4303.085    1.625   -1.563    1.001   -1.009   -1.433    1.473   -3.001    3.023 
4276.760   -0.286    0.324   -2.914    2.864   -2.455    2.497   -0.272    0.231 
4283.555   -0.217    0.270   -2.139    2.158    2.726   -2.687   -1.613    1.645 
4286.550   -2.592    2.615    1.142   -1.177   -0.764    0.792   -2.467    2.419 
4303.060    2.823   -2.765    0.575   -0.564   -0.755    0.769   -2.426    2.487 
4281.622    0.855   -0.905   -0.166    0.125   -2.455    2.385    2.810   -2.853 
4287.381    3.547   -3.520   -0.133    0.185    1.470   -1.471    0.199   -0.109 
4293.055    0.333   -0.287   -3.508    3.527   -0.965    1.037   -1.135    1.120 
4305.860   -1.168    1.147   -1.506    1.538    2.376   -2.398    2.336   -2.310 
4278.209   -2.656    2.628    1.208   -1.249   -2.453    2.477    0.204   -0.298 
4280.361    2.287   -2.326   -0.253    0.280   -2.415    2.408    1.861   -1.859 
4292.710    0.465   -0.539    3.305   -3.266    1.223   -1.276    1.474   -1.444 
4301.941   -1.455    1.444   -1.546    1.514    1.061   -1.127    3.024   -3.005 
4281.372   -2.718    2.676    2.547   -2.588    0.556   -0.592   -0.719    0.674 
4287.357   -2.155    2.208   -2.352    2.299   -1.550    1.609   -1.456    1.396 
4295.284   -0.470    0.417    0.797   -0.845   -2.831    2.787    2.426   -2.475 
4306.293    1.584   -1.552    1.411   -1.428   -2.006    2.012   -2.493    2.503 
4273.446   -3.254    3.290    0.906   -0.969    0.359   -0.326   -1.738    1.670 
4281.138   -1.281    1.223    1.076   -1.125   -2.352    2.289    2.525   -2.569 
4291.620   -0.554    0.618   -3.007    2.973   -2.106    2.168   -0.967    0.915 
4301.553   -1.403    1.423   -1.923    1.916    2.135   -2.172    2.119   -2.073 
4275.380   -2.187    2.116    3.087   -3.111    0.597   -0.655   -0.085    0.061 
4286.984   -1.768    1.763   -0.610    0.525   -3.141    3.136    1.148   -1.228 
4291.757   -2.259    2.326   -1.803    1.769    0.733   -0.674   -2.416    2.396 
4305.590   -1.300    1.294   -1.241    1.236    1.974   -2.016    2.763   -2.735 
4281.218   -0.409    0.429    0.966   -0.913    3.163   -3.135   -1.903    1.947 
4286.022    2.224   -2.279    0.890   -0.832    1.558   -1.608    2.553   -2.497 
4293.899   -2.588    2.532    2.396   -2.435   -0.152    0.091    1.512   -1.553 
4305.266   -1.709    1.715   -2.696    2.709    1.513   -1.480    1.500   -1.514 
4278.438    0.974   -1.036   -0.229    0.213   -2.347    2.297    2.853   -2.876 
4285.381   -1.754    1.801   -0.811    0.740   -2.796    2.843   -1.759    1.683 
4294.288   -2.067    2.007    3.129   -3.148   -0.129    0.085    0.844   -0.886 
4305.552    2.535   -2.535    2.074   -2.051   -1.145    1.145   -1.643    1.678 
4281.458    0.622   -0.668    0.057   -0.072   -1.432    1.372    3.503   -3.509 
4287.080    3.391   -3.364   -1.591    1.655    0.779   -0.748   -0.255    0.309 
4293.544    0.416   -0.462    2.157   -2.107    2.956   -3.001    1.093   -1.042 
4305.258    1.621   -1.660    2.757   -2.749   -1.828    1.815   -1.084    1.070 
4287.006   -1.743    1.801    0.305   -0.304    1.600   -1.539   -3.005    3.002 
4294.215   -1.378    1.415   -2.567    2.515   -2.396    2.445   -0.729    0.659 
4295.872   -2.452    2.400    2.415   -2.472   -1.454    1.406    0.894   -0.963 
4310.512   -1.955    1.933   -1.490    1.500    2.091   -2.102    2.090   -2.091 
4282.809    1.892   -1.832   -3.175    3.212    0.517   -0.467   -0.853    0.890 
4283.697    1.329   -1.370   -0.336    0.336   -1.652    1.598    3.186   -3.176 
4292.000   -2.595    2.620   -1.834    1.772   -2.139    2.169   -0.221    0.146 
4303.598    1.617   -1.618    1.056   -1.055   -2.666    2.709   -1.966    1.923 
4291.662   -1.288    1.320    0.658   -0.643    1.850   -1.804   -3.046    3.052 
4294.669    0.463   -0.405   -3.374    3.378   -0.940    1.017   -1.496    1.481 
4296.312    3.243   -3.229   -0.074    0.143    2.065   -2.058   -0.131    0.209 
4309.944    1.553   -1.546    1.698   -1.724   -2.498    2.497   -1.801    1.782 
4280.725   -1.513    1.560   -1.811    1.728   -2.999    3.038   -0.245    0.183 
4282.501   -3.350    3.356    1.342   -1.367    0.966   -0.981   -0.821    0.796 
4291.491   -0.509    0.465    1.418   -1.439   -0.872    0.797    3.433   -3.422 
4302.594   -0.892    0.913   -2.762    2.795    2.001   -1.962    1.514   -1.500 
4290.125    2.314   -2.306    0.484   -0.422    2.378   -2.345   -1.874    1.917 
4291.472   -2.892    2.911    0.300   -0.308    0.944   -0.904   -2.334    2.306 
4294.265    0.599   -0.562   -3.165    3.174   -1.246    1.325   -1.664    1.633 
4306.986   -0.784    0.790   -2.078    2.125    2.589   -2.581    1.764   -1.725 
4277.531    3.372   -3.344   -1.744    1.796   -0.215    0.243    0.456   -0.407 
4285.616   -1.341    1.381   -2.234    2.164   -2.809    2.847    0.062   -0.128 
4293.679    0.692   -0.760    2.189   -2.210   -2.018    1.950    2.324   -2.343 
4306.792   -1.005    0.987   -1.372    1.382    1.641   -1.666    3.031   -3.018 
4274.615   -0.081    0.124   -1.936    1.859   -3.304    3.330   -0.053    0.013 
4289.486    2.862   -2.875   -1.340    1.393    0.670   -0.664    2.066   -2.028 
4291.229    0.177   -0.101   -2.571    2.593    1.536   -1.460   -2.396    2.420 
4303.953    2.556   -2.539    1.608   -1.595   -0.976    0.960   -2.155    2.203 
4281.522    0.766   -0.829    0.246   -0.246   -1.726    1.681    3.323   -3.335 
4288.873   -0.869    0.914   -1.589    1.534   -3.112    3.166   -1.305    1.243 
4290.713   -1.926    1.881    3.179   -3.196   -0.940    0.928   -0.286    0.236 
4305.629   -3.116    3.120   -1.458    1.415    1.028   -1.041    1.363   -1.397 
4290.092   -0.376    0.352    1.973   -1.921    3.187   -3.203   -0.763    0.800 
4293.295   -2.372    2.423   -0.388    0.337   -0.733    0.771   -2.901    2.863 
4297.333   -2.130    2.067    2.354   -2.403   -1.285    1.223    1.747   -1.798 
4310.082    2.116   -2.122    2.280   -2.279   -1.558    1.535   -1.632    1.654 
4287.524    0.328   -0.406    1.245   -1.227   -2.582    2.564    2.513   -2.552 
4289.831   -2.703    2.693    2.252   -2.271   -0.633    0.668   -1.416    1.347 
4296.732    0.944   -1.005    2.584   -2.524    2.434   -2.491    1.140   -1.083 
4308.432    2.531   -2.528    1.278   -1.225   -1.245    1.297   -2.272    2.283 
4287.837   -2.177    2.117    2.979   -3.002    0.962   -0.999   -0.473    0.441 
4292.929   -1.768    1.764   -0.185    0.107   -3.408    3.402    0.020   -0.091 
4295.538   -1.253    1.328   -1.638    1.623    0.717   -0.660   -3.158    3.156 
4309.138    2.321   -2.310    1.771   -1.754   -1.306    1.308   -2.129    2.158 
4285.110   -1.885    1.938   -0.443    0.447    1.600   -1.533   -2.902    2.889 
4291.841    2.562   -2.539    0.694   -0.646    2.763   -2.782   -0.237    0.341 
4292.831   -1.147    1.105    3.647   -3.665    0.163   -0.201    0.263   -0.282 
4307.513    1.836   -1.795    0.838   -0.848   -2.114    2.159   -2.491    2.484 
4270.913   -0.205    0.252    0.118   -0.084    3.311   -3.290   -1.873    1.939 
4281.046    1.945   -2.004    0.512   -0.464    1.679   -1.740    2.780   -2.730 
4290.997   -1.891    1.829    3.293   -3.286    0.138   -0.169    0.636   -0.671 
4300.367    2.710   -2.699    1.930   -1.891   -0.861    0.871   -1.710    1.754 
4279.150    3.400   -3.391   -1.344    1.405   -0.126    0.131    1.141   -1.077 
4290.372   -0.870    0.940   -3.043    3.004   -1.803    1.869   -1.200    1.160 
4293.100   -0.769    0.713    0.608   -0.657   -2.495    2.437    2.757   -2.800 
4306.766   -1.333    1.327   -1.804    1.826    2.300   -2.300    2.104   -2.093 
4282.396    0.219   -0.187   -2.181    2.124   -3.103    3.135    0.508   -0.556 
4292.571   -1.983    1.930    2.613   -2.668   -1.835    1.781    0.792   -0.847 
4294.052   -2.345    2.402   -0.901    0.865   -0.003    0.063   -2.908    2.870 
4308.272    2.302   -2.288    1.533   -1.523   -1.298    1.307   -2.329    2.349 
4280.244    3.329   -3.348   -0.212    0.250   -0.185    0.143    1.888   -1.815 
4289.413   -1.386    1.344   -0.072    0.021   -2.840    2.802    2.184   -2.241 
4292.404    0.416   -0.365   -3.444    3.456   -1.057    1.129   -1.231    1.212 
4304.846   -1.232    1.213   -1.651    1.683    2.349   -2.368    2.228   -2.200 
4273.435    0.770   -0.723   -2.522    2.467   -2.642    2.700    0.801   -0.860 
4278.970   -2.415    2.363    1.786   -1.846   -1.958    1.915    1.336   -1.401 
4289.635   -2.683    2.736   -1.771    1.731    0.273   -0.214   -2.076    2.042 
4301.375   -1.028    1.034   -1.434    1.426    1.890   -1.952    2.839   -2.790 
4283.485   -2.554    2.592    0.318   -0.330    0.901   -0.856   -2.694    2.672 
4287.997    1.632   -1.638    1.537   -1.464    3.102   -3.108   -0.336    0.414 
4293.473   -1.959    1.882    2.513   -2.540    0.016   -0.089    2.142   -2.179 
4306.423   -1.315    1.308   -2.436    2.471    2.093   -2.060    1.641   -1.647 
4285.247   -2.616    2.594    2.472   -2.523   -0.287    0.223    1.260   -1.266 
4290.014    0.517   -0.518   -1.228    1.203   -1.899    1.863    3.077   -3.072 
4292.989    2.557   -2.618    2.239   -2.184    1.259   -1.307    1.249   -1.203 
4305.886    0.964   -0.990    1.440   -1.465   -3.082    3.092   -1.500    1.442 
4277.197   -3.748    3.756   -0.015   -0.026   -0.389    0.401   -0.651    0.599 
4286.088    0.320   -0.283   -3.456    3.460   -1.238    1.312   -1.026    0.998 
4289.061   -0.388    0.363   -0.401    0.370   -1.756    1.710    3.376   -3.384 
4302.994   -0.556    0.554   -1.581    1.639    3.165   -3.153    1.386   -1.347 
4288.469    0.087   -0.052   -3.306    3.289   -1.929    1.991    0.003   -0.041 
4293.869   -2.882    2.902   -0.296    0.279    0.386   -0.341   -2.507    2.465 
4296.731    1.970   -1.919   -1.386    1.450    2.459   -2.414   -1.709    1.777 
4309.366    1.631   -1.597    1.309   -1.338   -2.197    2.211   -2.361    2.355 
4279.550    0.159   -0.121   -2.029    1.943   -3.135    3.172    0.831   -0.894 
4291.984   -0.448    0.517   -1.712    1.703    0.176   -0.082   -3.411    3.391 
4293.265   -3.440    3.436    1.300   -1.367   -1.062    1.039   -0.251    0.197 
4308.125   -1.622    1.650   -2.467    2.471    1.912   -1.893    1.546   -1.535 
4283.737    0.292   -0.337    0.206   -0.223   -1.342    1.286    3.574   -3.586 
4287.682    0.853   -0.796   -3.139    3.117   -1.945    1.999   -0.613    0.597 
4293.396   -2.565    2.567    1.032   -1.111   -2.539    2.528   -0.800    0.738 
4305.544   -2.706    2.737   -1.947    1.925    1.648   -1.635    0.947   -0.955 
4280.404    1.147   -1.196    1.365   -1.333    0.933   -0.999    3.271   -3.213 
4283.513   -0.797    0.822   -1.891    1.834   -2.662    2.662    1.853   -1.870 
4286.944   -3.475    3.493    1.426   -1.463    0.413   -0.442    0.522   -0.529 
4301.334   -0.698    0.717   -2.681    2.739    2.582   -2.520    0.624   -0.611 
4273.428   -0.525    0.586    0.184   -0.148    1.689   -1.611   -3.379    3.418 
4284.930   -0.092    0.147   -3.088    3.052   -1.980    2.038   -1.122    1.084 
4292.033   -3.027    3.016    1.408   -1.487   -1.859    1.829   -0.371    0.298 
4303.420    2.297   -2.304    1.770   -1.785   -2.142    2.118   -1.316    1.322 
4276.950   -0.164    0.112    3.037   -2.996    2.313   -2.362    0.240   -0.215 
4277.883   -2.937    2.922    1.322   -1.364   -1.794    1.816   -1.035    0.954 
4282.629   -1.666    1.713   -1.786    1.767    2.376   -2.360   -1.740    1.738 
4300.306    1.822   -1.758    0.753   -0.744   -0.528    0.554   -3.245    3.289 
4275.898   -1.816    1.877    0.007   -0.003    0.989   -0.921   -3.211    3.210 
4284.755   -1.535    1.545   -2.171    2.105   -2.769    2.791    0.018   -0.100 
4291.215   -2.735    2.668    2.254   -2.293   -0.247    0.188    1.459   -1.518 
4303.938   -1.277    1.260   -2.206    2.259    2.476   -2.433    1.453   -1.457 
4287.772   -1.753    1.717    2.838   -2.841    1.806   -1.853   -0.553    0.554 
4290.230   -2.447    2.500   -1.184    1.125   -1.242    1.294   -2.409    2.349 
4293.914   -1.833    1.803    0.662   -0.727   -2.039    1.987    2.609   -2.646 
4307.308   -1.507    1.520   -2.188    2.219    2.412   -2.384    1.370   -1.358 
4284.451   -2.962    2.995    0.623   -0.672    0.083   -0.050   -2.355    2.290 
4289.168   -0.083    0.150   -3.265    3.227   -1.847    1.907   -0.817    0.788 
4294.670   -1.163    1.109    1.292   -1.336   -2.963    2.936    1.711   -1.772 
4306.918    2.147   -2.115    1.429   -1.424   -1.578    1.591   -2.368    2.393 
4283.169    1.291   -1.243   -3.533    3.548   -0.711    0.763   -0.059    0.065 
4289.789    3.364   -3.379    0.991   -0.941    1.026   -1.059    1.185   -1.118 
4292.054   -0.146    0.103    0.476   -0.521   -2.869    2.822    2.505   -2.549 
4306.009    1.326   -1.300    0.971   -0.987   -2.227    2.256   -2.665    2.646 
4280.674    3.640   -3.630   -1.127    1.175    0.218   -0.205    0.310   -0.263 
4287.766   -0.942    0.989   -3.458    3.442   -1.158    1.220   -0.691    0.656 
4292.533   -0.064    0.031    0.170   -0.208   -2.295    2.240    3.085   -3.103 
4305.509    0.713   -0.708    1.182   -1.217   -2.848    2.869   -2.178    2.132 
4283.237   -2.842    2.784    2.572   -2.628   -0.072    0.028   -0.070    0.020 
4290.363   -0.149    0.117   -0.190    0.147   -3.057    3.026    2.307   -2.357 
4296.658   -1.977    2.042   -2.260    2.207   -1.290    1.351   -2.022    1.975 
4307.894    1.651   -1.661    1.723   -1.708   -1.921    1.951   -2.319    2.297 
4275.424   -0.613    0.608    0.058   -0.090   -3.759    3.781    0.100   -0.150 
4286.014   -2.140    2.093    3.158   -3.150    0.392   -0.404   -0.368    0.336 
4289.013   -2.146    2.217   -1.805    1.752    0.248   -0.215   -2.604    2.588 
4301.578    2.276   -2.247    1.273   -1.238   -0.415    0.435   -2.781    2.828 
4281.981    3.189   -3.191   -1.367    1.439   -0.238    0.240    1.608   -1.538 
4291.275    0.794   -0.841    1.901   -1.838    3.201   -3.228    0.513   -0.464 
4294.897    0.657   -0.566   -2.021    2.058    1.504   -1.424   -2.825    2.858 
4309.484    1.864   -1.865    2.263   -2.267   -1.495    1.476   -1.981    2.000 
4281.443   -0.194    0.196   -0.859    0.811   -3.683    3.692    0.558   -0.608 
4287.387   -1.229    1.162    3.524   -3.532   -0.647    0.606    0.642   -0.673 
4294.019   -2.212    2.263   -0.255    0.215   -0.293    0.334   -3.112    3.085 
4306.315    2.888   -2.876    1.245   -1.207   -0.747    0.763   -2.075    2.113 
4280.144    0.013   -0.049    3.360   -3.337    1.814   -1.886   -0.112    0.160 
4288.252   -0.983    1.029   -0.890    0.919    1.454   -1.385   -3.294    3.301 
4294.548    3.290   -3.256   -0.968    1.026    1.750   -1.741    0.069    0.012 
4305.794   -1.755    1.722   -1.261    1.299    2.493   -2.509    1.966   -1.950 
4272.787   -0.323    0.308   -0.036    0.013   -3.743    3.775    0.564   -0.628 
4282.977    1.360   -1.439    2.643   -2.590    0.224   -0.273    2.416   -2.396 
4284.515   -2.245    2.233    2.671   -2.667   -0.068    0.083   -1.615    1.578 
4299.867    2.788   -2.743    0.842   -0.812   -0.605    0.630   -2.424    2.477 
4288.267    2.854   -2.867    1.810   -1.787    0.992   -1.047    1.532   -1.462 
4290.512   -1.905    1.880    2.920   -2.930    1.365   -1.392   -0.849    0.838 
4295.480   -0.936    0.885    1.304   -1.351   -2.835    2.795    2.032   -2.088 
4306.916   -1.482    1.433   -1.065    1.090    1.961   -1.985    2.753   -2.754 
4292.680    1.428   -1.435   -1.879    1.869   -2.003    1.992    2.282   -2.287 
4293.306    1.188   -1.242    2.714   -2.701    0.873   -0.953    2.278   -2.239 
4296.865    2.973   -2.940   -1.058    1.125    1.943   -1.908   -1.028    1.095 
4309.251   -1.586    1.574   -1.632    1.664    2.502   -2.499    1.825   -1.813 
4277.806    0.248   -0.240   -1.297    1.246   -3.470    3.480    0.920   -0.977 
4279.644   -3.074    3.031    2.076   -2.135   -0.954    0.919    0.135   -0.194 
4291.301    1.929   -2.004    2.596   -2.561   -0.282    0.217    2.046   -2.025 
4303.304   -1.199    1.191   -1.419    1.405    1.257   -1.297    3.121   -3.105 
4273.505    0.937   -0.892   -3.586    3.592   -0.782    0.852   -0.484    0.475 
4276.965   -3.236    3.277   -0.514    0.469   -0.326    0.363   -1.942    1.889 
4284.412   -1.656    1.639   -0.581    0.543   -1.256    1.222    3.167   -3.188 
4301.127   -0.687    0.686   -1.053    1.112    3.535   -3.518    0.831   -0.797 
4282.750    0.020    0.016   -1.950    1.875   -3.281    3.314    0.359   -0.410 
4290.304    2.419   -2.468    0.169   -0.126    0.234   -0.274    2.963   -2.928 
4294.798   -2.322    2.266    2.175   -2.220   -1.088    1.025    1.861   -1.904 
4307.164   -1.868    1.881   -2.498    2.499    1.639   -1.609    1.532   -1.545 
4281.467    1.660   -1.735    0.508   -0.463    0.476   -0.513    3.369   -3.352 
4288.183    0.565   -0.533   -2.536    2.497   -2.793    2.807    0.497   -0.510 
4295.391   -2.352    2.308    1.935   -2.002   -2.036    1.984    1.158   -1.220 
4305.384    2.478   -2.477    2.071   -2.076   -1.632    1.591   -1.284    1.331 
4279.051    0.008   -0.013   -0.954    0.914   -3.529    3.546    1.103   -1.150 
4281.032    1.173   -1.249    1.567   -1.529    0.589   -0.648    3.239   -3.214 
4286.489   -1.505    1.471    3.252   -3.262   -1.114    1.106   -0.810    0.772 
4302.000    3.340   -3.316    0.908   -0.877   -0.709    0.716   -1.510    1.566 
4278.867    0.238   -0.283    0.188   -0.202   -3.279    3.282    1.917   -1.970 
4283.964    1.837   -1.893    0.619   -0.574    1.776   -1.841    2.777   -2.723 
4290.200   -1.338    1.282    3.616   -3.591    0.125   -0.137    0.010   -0.034 
4302.661    3.093   -3.068    1.170   -1.131   -0.754    0.774   -1.802    1.854 
4277.295    0.443   -0.398   -1.730    1.664   -3.394    3.406    0.130   -0.157 
4282.239    3.299   -3.269   -1.474    1.551    1.196   -1.159    0.489   -0.430 
4293.411   -0.638    0.723   -1.885    1.877    0.753   -0.693   -3.186    3.208 
4303.690    1.799   -1.813    2.462   -2.443   -1.094    1.067   -2.056    2.088 
4282.543    0.484   -0.538    0.471   -0.475   -0.771    0.712    3.693   -3.694 
4287.065    0.683   -0.634   -3.253    3.230   -1.918    1.966   -0.071    0.053 
4294.889    2.510   -2.508   -1.059    1.140    2.682   -2.663    0.363   -0.297 
4305.883   -2.781    2.801   -1.673    1.660    1.818   -1.803    0.950   -0.963 
4291.995   -1.083    1.064    2.530   -2.508    2.444   -2.463   -1.105    1.124 
4294.695    2.228   -2.287    1.301   -1.254    0.864   -0.922    2.712   -2.665 
4297.777    2.041   -1.990   -1.896    1.959    2.205   -2.152   -1.469    1.531 
4310.952    2.120   -2.107    1.749   -1.753   -1.791    1.786   -2.006    2.020 
4284.276    3.069   -3.086   -0.906    0.942   -0.290    0.272    2.095   -2.053 
4286.723    0.456   -0.393   -3.139    3.144   -0.474    0.556   -2.100    2.089 
4290.585   -2.019    2.013   -1.370    1.315   -2.094    2.084    2.092   -2.143 
4305.615   -0.987    0.988   -1.457    1.499    3.178   -3.170    1.253   -1.221 
4286.908   -1.206    1.175    2.086   -2.101    0.173   -0.252    2.988   -2.958 
4289.050    0.413   -0.382   -2.358    2.314   -2.288    2.297    1.959   -1.971 
4294.772   -3.230    3.279   -0.003   -0.081   -1.636    1.642   -1.236    1.193 
4306.298   -1.582    1.628   -2.205    2.219    2.617   -2.588    0.735   -0.705 
4282.537    0.259   -0.308   -0.187    0.146   -2.542    2.486    2.848   -2.897 
4291.189   -1.571    1.505    3.370   -3.380    0.523   -0.580    0.817   -0.832 
4295.026    2.358   -2.385    0.274   -0.204    2.354   -2.389    1.895   -1.820 
4307.974   -2.583    2.597   -1.820    1.793    1.566   -1.575    1.522   -1.527 
4280.806    0.468   -0.515    1.051   -0.989    3.346   -3.321    1.491   -1.500 
4285.997   -0.303    0.367   -0.577    0.587    1.751   -1.720   -3.329    3.376 
4288.764   -1.893    1.850    3.250   -3.276   -0.462    0.421   -0.623    0.600 
4304.468   -3.297    3.312   -1.664    1.616    0.581   -0.562    0.881   -0.934 
4279.614   -2.377    2.338    2.364   -2.354    1.785   -1.831   -0.529    0.531 
4282.262   -2.766    2.793   -0.967    0.874   -2.450    2.479   -0.184    0.101 
4294.193    0.500   -0.571    2.336   -2.351   -1.664    1.589    2.510   -2.519 
4306.161   -1.052    1.041   -1.670    1.679    1.636   -1.654    2.863   -2.848 
4274.722   -0.647    0.681   -1.913    1.846   -3.238    3.268   -0.273    0.222 
4281.351   -3.320    3.327    0.759   -0.792    0.371   -0.356   -1.730    1.674 
4290.105    0.349   -0.288   -2.962    3.002    1.817   -1.742   -1.586    1.607 
4301.590    1.783   -1.730    1.281   -1.294   -0.867    0.867   -3.018    3.059 
4279.651    0.580   -0.530   -2.463    2.390   -2.724    2.778    0.912   -0.969 
4288.754    1.592   -1.531   -2.109    2.148    1.404   -1.325   -2.410    2.437 
4295.090   -2.806    2.849   -0.234    0.164   -1.153    1.203   -2.344    2.277 
4307.886   -1.985    2.020   -2.070    2.048    1.961   -1.974    1.636   -1.610 
4280.384    0.968   -1.031   -0.025    0.024   -2.194    2.133    2.993   -3.000 
4285.845   -2.886    2.859    2.147   -2.209   -1.306    1.295   -0.007   -0.072 
4295.178   -0.722    0.787   -2.457    2.406   -2.406    2.472   -1.557    1.494 
4306.152    2.196   -2.229    2.044   -1.997   -1.527    1.563   -1.847    1.830 
4282.092   -1.346    1.286    3.231   -3.219    1.526   -1.577   -0.372    0.381 
4287.503   -0.929    0.876    1.146   -1.203   -2.670    2.620    2.318   -2.377 
4295.076    2.571   -2.614    0.656   -0.589    1.444   -1.494    2.376   -2.311 
4306.802    2.336   -2.348    1.599   -1.573   -1.765    1.788   -1.901    1.892 
4275.259   -0.317    0.288    1.058   -1.032    1.295   -1.311    3.425   -3.414 
4282.800   -0.433    0.473   -1.412    1.335   -3.183    3.162    1.586   -1.594 
4291.547   -3.152    3.170    1.937   -2.000   -0.727    0.679   -0.616    0.613 
4302.190    2.073   -2.141    2.813   -2.803   -1.583    1.522   -0.064    0.069 
4281.434    1.361   -1.422    0.028   -0.017   -0.774    0.716    3.497   -3.483 
4288.974    0.615   -0.559   -3.326    3.308   -1.715    1.773   -0.589    0.572 
4294.041    2.858   -2.840   -0.617    0.697    2.423   -2.402   -0.576    0.657 
4306.278   -2.085    2.086   -1.809    1.820    2.319   -2.302    1.330   -1.334 
4279.394   -0.101    0.145   -0.456    0.466    0.667   -0.613   -3.740    3.746 
4287.661   -3.156    3.142    2.160   -2.210   -0.014   -0.020   -0.184    0.155 
4291.212    1.120   -1.158    1.701   -1.630    3.247   -3.254    0.332   -0.290 
4302.778   -1.844    1.892   -2.647    2.639    1.955   -1.922    0.713   -0.708 
4275.533    0.601   -0.642    0.474   -0.488   -0.809    0.738    3.668   -3.657 
4281.574    3.469   -3.435   -1.571    1.618    0.355   -0.325   -0.277    0.323 
4287.440   -1.322    1.349   -3.283    3.268   -1.413    1.453    0.335   -0.373 
4302.692    0.752   -0.756    1.068   -1.111   -3.460    3.468   -1.023    0.972 
4285.994    0.030   -0.025    0.904   -0.855    3.531   -3.527   -1.189    1.242 
4290.185   -2.840    2.802    2.496   -2.546   -0.654    0.624   -0.134    0.082 
4294.694   -1.489    1.563   -1.971    1.938   -0.463    0.529   -2.904    2.880 
4306.589    2.111   -2.115    1.959   -1.937   -1.254    1.266   -2.211    2.221 
4287.259   -0.510    0.507   -0.604    0.544   -3.149    3.122    2.055   -2.091 
4289.796   -3.538    3.558    0.908   -0.967   -0.307    0.306   -1.104    1.060 
4292.906   -0.438    0.387    2.142   -2.128    1.476   -1.552    2.795   -2.759 
4306.575   -1.283    1.325   -3.000    3.005    1.595   -1.570    1.250   -1.234 
4278.556    0.754   -0.804    0.156   -0.162   -0.992    0.928    3.619   -3.619 
4284.096   -3.028    2.987    2.289   -2.340   -0.262    0.220    0.455   -0.499 
4293.225    1.779   -1.824    2.591   -2.527    2.206   -2.240    0.117   -0.061 
4304.553   -1.330    1.351   -1.664    1.678    2.972   -2.977    1.164   -1.127 
4284.403    0.766   -0.744   -1.670    1.620   -3.239    3.260    0.909   -0.951 
4286.138    3.438   -3.427   -1.022    1.099    1.348   -1.328    0.054    0.009 
4296.137   -0.670    0.748   -2.240    2.226    0.138   -0.055   -3.051    3.037 
4307.350    1.348   -1.370    2.441   -2.434   -1.528    1.529   -2.159    2.148 
4280.149    3.154   -3.129   -1.683    1.746   -0.349    0.376    1.339   -1.284 
4285.855    0.757   -0.831    2.511   -2.474    2.010   -2.072    1.931   -1.902 
4292.332   -1.356    1.310    0.125   -0.185   -2.305    2.262    2.754   -2.804 
4304.766   -1.544    1.547   -2.332    2.373    2.311   -2.261    1.256   -1.266 
4281.801    1.142   -1.170   -0.655    0.631   -2.221    2.183    2.841   -2.847 
4282.880   -1.880    1.927   -1.275    1.202   -2.639    2.676   -1.595    1.532 
4290.083    2.905   -2.870   -1.808    1.842   -0.170    0.222   -1.720    1.748 
4302.901   -1.171    1.194   -3.065    3.091    1.676   -1.629    1.063   -1.065 
4282.041   -1.998    1.919    2.968   -2.993    1.326   -1.394   -0.335    0.314 
4292.717   -2.276    2.268   -0.123    0.021   -3.094    3.089    0.070   -0.158 
4297.258   -1.145    1.219   -1.486    1.480    0.818   -0.749   -3.252    3.250 
4311.526    2.087   -2.083    1.906   -1.900   -1.652    1.647   -2.017    2.032 
4280.617    0.035   -0.071   -0.281    0.230   -3.041    2.996    2.314   -2.370 
4291.537   -2.191    2.131    3.058   -3.086    0.257   -0.312    0.729   -0.758 
4293.094    1.941   -1.985    0.600   -0.545    1.956   -2.008    2.605   -2.545 
4307.046    2.485   -2.511    2.234   -2.204   -1.249    1.251   -1.423    1.431 
4283.301    3.515   -3.501    0.862   -0.849    0.548   -0.587    1.177   -1.109 
4289.907    1.016   -0.993   -3.347    3.364   -1.530    1.582    0.213   -0.226 
4293.285   -0.929    0.879    0.784   -0.827   -1.917    1.856    3.102   -3.134 
4305.558    0.747   -0.723    1.412   -1.470   -2.910    2.912   -1.930    1.901 
4278.619    1.463   -1.535   -0.015    0.044   -1.355    1.297    3.277   -3.248 
4286.060    2.291   -2.265   -1.809    1.854    2.472   -2.480   -0.013    0.101 
4291.512    0.407   -0.343   -2.757    2.721   -2.369    2.422   -1.181    1.149 
4304.367   -2.659    2.688   -1.998    1.936    1.022   -1.044    1.622   -1.638 
