  frez       Ax       Bx       By       Cy       Cx      Dx        Dy       Ay
4284.403   -3.487    3.504    0.882   -0.932    0.204   -0.198   -1.289    1.253 
4285.080   -1.140    1.107    0.312   -0.369   -2.074    2.010    3.007   -3.038 
4295.133   -0.164    0.214   -2.366    2.324   -2.575    2.635   -1.588    1.536 
4307.158   -1.058    1.099   -2.885    2.894    1.945   -1.928    1.242   -1.213 
4282.119   -3.388    3.398    0.372   -0.454   -1.657    1.644   -0.542    0.482 
4284.403   -1.328    1.314    1.382   -1.350    3.263   -3.260   -0.663    0.678 
4294.962    0.228   -0.158   -1.860    1.866    0.207   -0.141   -3.344    3.353 
4305.419   -1.160    1.186   -3.041    3.048    1.152   -1.118    1.678   -1.684 
4283.877    3.154   -3.138   -1.475    1.527   -0.396    0.405    1.571   -1.516 
4290.013    0.768   -0.836    2.762   -2.726    1.997   -2.067    1.575   -1.535 
4294.071   -1.375    1.321    0.533   -0.592   -2.326    2.275    2.679   -2.734 
4307.527   -1.531    1.527   -2.138    2.169    2.288   -2.262    1.613   -1.616 
4286.582   -0.588    0.543    3.073   -3.036    2.187   -2.248   -0.358    0.397 
4293.998    3.378   -3.393    0.227   -0.174    0.833   -0.867    1.625   -1.557 
4295.878   -0.871    0.812    1.630   -1.678   -2.072    2.008    2.655   -2.695 
4309.934    1.512   -1.496    1.606   -1.628   -2.218    2.232   -2.232    2.217 
4282.822   -2.060    2.106    0.135   -0.166    0.261   -0.230   -3.211    3.198 
4288.395    2.717   -2.685   -0.711    0.784    2.067   -2.024   -1.601    1.667 
4291.236   -1.067    1.019    2.055   -2.022    2.907   -2.927    0.993   -0.988 
4306.146    1.390   -1.427    3.170   -3.170   -1.426    1.383   -0.867    0.877 
4280.493   -2.881    2.840    2.414   -2.470    0.658   -0.711   -0.223    0.185 
4284.275    1.334   -1.395    1.445   -1.395    1.474   -1.511    2.939   -2.912 
4290.533   -1.503    1.506   -0.917    0.853   -2.463    2.438    2.366   -2.396 
4303.181   -1.522    1.550   -2.416    2.457    2.488   -2.423    0.636   -0.642 
4280.409    0.302   -0.290    0.430   -0.373    3.481   -3.461   -1.508    1.566 
4281.329   -1.886    1.816    3.293   -3.309    0.014   -0.063    0.567   -0.595 
4293.327   -1.862    1.910   -0.520    0.474   -1.128    1.176   -3.116    3.084 
4302.296   -2.751    2.786   -1.864    1.808    1.124   -1.140    1.548   -1.554 
4275.324   -3.274    3.243    1.955   -2.035    0.090   -0.145    0.028   -0.066 
4288.781    0.898   -0.949    1.426   -1.421   -0.087    0.009    3.458   -3.421 
4290.360   -1.418    1.461   -2.276    2.221   -2.430    2.446    1.269   -1.299 
4305.308   -1.027    1.055   -1.886    1.928    2.979   -2.958    1.126   -1.087 
4285.406   -0.380    0.302    3.427   -3.411    0.837   -0.897    1.462   -1.462 
4287.155   -1.335    1.368    1.032   -1.038    0.978   -0.952   -3.301    3.300 
4295.955    2.117   -2.107   -0.504    0.580    3.169   -3.153   -0.079    0.147 
4306.868    2.897   -2.893    1.289   -1.275   -1.760    1.751   -1.273    1.304 
4283.558   -1.096    1.039    2.972   -2.950    2.151   -2.215   -0.086    0.102 
4288.677   -2.933    2.970   -0.354    0.284   -1.081    1.112   -2.200    2.134 
4294.140   -1.505    1.463    0.916   -0.976   -1.919    1.862    2.824   -2.859 
4306.890   -1.627    1.637   -2.209    2.240    2.295   -2.261    1.398   -1.396 
4292.871   -2.793    2.808    1.206   -1.235    0.896   -0.886   -2.167    2.142 
4294.979    1.492   -1.514    1.271   -1.197    3.307   -3.315    0.140   -0.080 
4297.641    1.195   -1.117   -2.433    2.455    0.510   -0.441   -2.674    2.706 
4310.640    1.819   -1.827    2.409   -2.410   -1.677    1.655   -1.689    1.704 
4293.038    2.028   -2.054   -0.596    0.592   -1.767    1.728    2.685   -2.679 
4295.217    1.677   -1.701    2.605   -2.572    2.144   -2.197    0.731   -0.665 
4296.709   -2.272    2.214    2.392   -2.444   -1.561    1.511    1.208   -1.269 
4310.436    1.662   -1.631    1.354   -1.372   -2.146    2.167   -2.362    2.355 
4280.334   -0.487    0.516   -3.277    3.321   -0.055    0.142   -1.880    1.860 
4283.773    0.239   -0.264   -1.716    1.711   -1.575    1.548    3.034   -3.048 
4290.557    3.677   -3.639   -0.528    0.561    1.018   -1.012   -0.048    0.112 
4303.430    1.012   -0.997    0.703   -0.751   -3.353    3.368   -1.410    1.363 
4276.198   -0.293    0.309   -0.992    0.937   -3.684    3.691    0.060   -0.099 
4286.306   -1.170    1.106    3.502   -3.513   -0.828    0.784    0.651   -0.682 
4289.397   -2.195    2.248   -0.109    0.075    0.158   -0.127   -3.132    3.118 
4302.945    2.915   -2.893    1.219   -1.187   -0.590    0.592   -2.097    2.152 
4277.874   -2.805    2.760    2.397   -2.420   -1.041    1.048   -0.020   -0.053 
4282.773   -2.162    2.217   -1.853    1.818    1.563   -1.535   -2.026    2.016 
4288.102    0.933   -0.938    2.306   -2.274    2.750   -2.772   -0.957    1.015 
4301.944   -1.127    1.097   -0.489    0.474    1.851   -1.933    3.131   -3.094 
4274.062    0.985   -1.062   -0.314    0.283   -2.020    1.942    3.070   -3.110 
4285.721   -1.284    1.338   -2.259    2.190   -2.455    2.503   -1.402    1.334 
4292.551   -2.456    2.412    2.651   -2.706   -1.277    1.232    0.221   -0.290 
4305.490    2.469   -2.450    1.582   -1.586   -1.746    1.737   -1.759    1.792 
4280.512    3.756   -3.730    0.187   -0.165    0.512   -0.528    0.611   -0.548 
4288.738    0.376   -0.360   -3.287    3.299   -1.876    1.924    0.352   -0.381 
4290.095   -0.271    0.225    1.414   -1.462   -2.012    1.943    2.935   -2.959 
4303.376   -0.672    0.650   -1.306    1.350    2.627   -2.648    2.383   -2.344 
4278.127   -1.815    1.744    3.011   -3.019    1.476   -1.557    0.284   -0.284 
4288.473   -2.846    2.886   -0.586    0.487   -2.013    2.028   -1.484    1.424 
4289.757   -0.663    0.646    0.047   -0.093   -1.586    1.541    3.436   -3.445 
4305.386   -1.680    1.716   -2.289    2.315    2.450   -2.407    0.824   -0.813 
4288.769   -1.308    1.252    3.595   -3.597    0.241   -0.282    0.279   -0.297 
4292.652    0.175   -0.212    0.091   -0.118   -3.090    3.068    2.264   -2.308 
4294.210    3.116   -3.135    0.913   -0.863    1.340   -1.382    1.566   -1.494 
4307.392   -1.833    1.806   -0.992    0.985    1.809   -1.851    2.672   -2.667 
4291.432   -0.654    0.641    1.843   -1.799    3.054   -3.046   -1.299    1.322 
4292.146   -1.253    1.322   -1.108    1.066   -1.014    1.053   -3.293    3.287 
4295.891   -2.559    2.514    2.264   -2.325   -1.616    1.564    0.706   -0.761 
4309.102    2.497   -2.513    2.246   -2.229   -1.369    1.342   -1.271    1.303 
4287.350    0.228   -0.168   -1.100    1.122    1.315   -1.251   -3.418    3.447 
4288.573    1.844   -1.803   -3.081    3.086   -1.198    1.228    0.658   -0.649 
4294.311   -2.199    2.226   -0.433    0.352   -2.913    2.920   -1.119    1.062 
4305.842    2.534   -2.565    1.970   -1.944   -1.770    1.761   -1.137    1.145 
4286.980   -1.955    1.896    3.305   -3.306   -0.271    0.256   -0.087    0.043 
4291.695    1.907   -1.971    1.105   -1.072   -1.179    1.138    2.916   -2.900 
4294.844   -1.625    1.636   -1.235    1.180   -3.235    3.270    0.208   -0.285 
4307.148    2.161   -2.139    1.078   -1.051   -1.638    1.684   -2.495    2.503 
4284.377    3.026   -3.020    0.215   -0.146    2.306   -2.302   -0.412    0.481 
4286.568   -2.208    2.203    1.359   -1.345    2.547   -2.550   -1.233    1.246 
4295.324   -0.189    0.245   -2.759    2.773    0.031    0.057   -2.666    2.647 
4305.416   -0.794    0.796   -2.279    2.303    1.700   -1.707    2.458   -2.429 
4282.459    1.667   -1.733   -0.301    0.311   -1.190    1.124    3.227   -3.210 
4291.384    0.350   -0.408    2.980   -2.935    2.223   -2.277    0.907   -0.862 
4294.868    2.719   -2.683   -1.589    1.668    2.041   -1.997   -0.815    0.895 
4309.129    2.104   -2.101    1.800   -1.809   -2.074    2.061   -1.675    1.684 
4281.270   -1.245    1.294   -1.724    1.656   -2.884    2.916   -1.354    1.307 
4285.780   -2.123    2.149    0.849   -0.851    1.645   -1.625   -2.606    2.592 
4293.543   -1.493    1.434    2.931   -2.963   -1.631    1.580    1.134   -1.175 
4302.356    2.551   -2.513    1.566   -1.565   -1.013    0.997   -2.173    2.231 
4277.301    1.299   -1.353   -0.120    0.124   -1.165    1.100    3.411   -3.398 
4285.488    3.198   -3.165   -1.573    1.642    1.062   -1.022   -0.914    0.979 
4293.346   -0.536    0.586   -2.481    2.429   -2.766    2.812   -0.821    0.766 
4304.751   -1.563    1.597   -2.476    2.474    2.146   -2.140    1.247   -1.226 
4288.582   -2.127    2.085    3.140   -3.168    0.430   -0.483    0.360   -0.375 
4289.586    0.780   -0.822    0.297   -0.309   -1.296    1.234    3.524   -3.518 
4294.370   -2.759    2.790   -1.574    1.504   -2.153    2.173   -0.046   -0.018 
4307.138    1.393   -1.406    1.512   -1.534   -2.878    2.883   -1.497    1.462 
4270.688   -0.019    0.012   -0.858    0.791   -3.467    3.460    1.348   -1.423 
4283.444   -2.141    2.072    3.049   -3.079   -0.411    0.347    0.824   -0.859 
4290.508    2.197   -2.255    0.881   -0.833    0.893   -0.961    2.883   -2.837 
4301.941    2.298   -2.319    1.991   -1.953   -1.256    1.276   -1.975    1.974 
4284.209    1.634   -1.574   -2.041    2.066    2.661   -2.653   -0.865    0.936 
4288.095    1.621   -1.594   -2.311    2.303   -2.406    2.422    0.996   -1.002 
4295.259   -1.926    1.992   -1.582    1.530   -0.930    0.978   -2.770    2.740 
4304.861    2.395   -2.401    1.684   -1.631   -0.924    0.958   -2.306    2.324 
4281.912   -0.184    0.159    3.151   -3.137    2.131   -2.181   -0.319    0.360 
4286.956    1.511   -1.461   -1.826    1.887    2.610   -2.562   -1.501    1.565 
4290.647    3.313   -3.316    0.641   -0.627   -0.411    0.371    1.805   -1.761 
4304.239   -1.236    1.202   -0.959    0.973    1.771   -1.814    3.030   -3.009 
4280.974    0.146   -0.110   -1.870    1.793   -3.307    3.338    0.478   -0.533 
4291.786    3.240   -3.249   -0.909    0.971    0.880   -0.884    1.627   -1.572 
4294.490    0.555   -0.471   -2.320    2.332    0.904   -0.825   -2.876    2.898 
4307.812   -1.982    1.990   -2.263    2.252    1.460   -1.446    1.892   -1.909 
4278.138   -1.371    1.356    0.348   -0.412   -2.523    2.469    2.516   -2.544 
4282.947    3.318   -3.331   -1.188    1.235   -0.683    0.686    1.316   -1.294 
4287.131    0.031   -0.066    1.285   -1.252    2.630   -2.683    2.477   -2.427 
4302.683    1.292   -1.357    3.407   -3.388   -0.967    0.941   -0.742    0.728 
4266.459    0.063   -0.057    0.763   -0.702    3.629   -3.624   -0.906    0.962 
4277.584    1.209   -1.283    0.965   -0.934    0.634   -0.697    3.436   -3.415 
4287.977   -1.572    1.528    3.413   -3.434   -0.743    0.703   -0.261    0.228 
4300.270    3.294   -3.275    1.251   -1.224   -0.665    0.660   -1.375    1.433 
4280.704   -2.001    1.931    3.147   -3.177    0.822   -0.873   -0.310    0.275 
4289.901   -2.082    2.082   -0.502    0.421   -3.176    3.190   -0.233    0.149 
4293.171    1.522   -1.587    1.603   -1.596   -1.446    1.389    2.789   -2.784 
4307.481    2.040   -2.011    1.386   -1.376   -1.355    1.375   -2.614    2.635 
4287.377   -2.252    2.315   -0.262    0.193   -1.326    1.338   -2.780    2.754 
4290.831   -0.798    0.792    1.469   -1.430    3.310   -3.291   -1.053    1.064 
4296.844   -2.209    2.143    2.251   -2.295   -0.899    0.845    1.997   -2.055 
4308.780    2.034   -2.051    2.738   -2.729   -1.159    1.115   -1.337    1.376 
4280.158    0.339   -0.318   -1.762    1.701   -3.143    3.155    1.258   -1.306 
4286.115    0.498   -0.412   -2.379    2.378    0.187   -0.110   -2.960    2.974 
4290.656    2.464   -2.463   -1.528    1.591    1.810   -1.807    1.745   -1.691 
4305.301   -2.883    2.908   -1.923    1.882    1.211   -1.203    1.127   -1.148 
4275.642   -2.842    2.853    1.886   -1.932    0.122   -0.102   -1.731    1.655 
4280.826    0.894   -0.992    3.169   -3.124    0.033   -0.100    1.976   -1.948 
4292.812   -1.478    1.454   -0.558    0.510   -3.086    3.090    1.630   -1.701 
4303.357    1.889   -1.863    0.907   -0.897   -2.259    2.299   -2.284    2.280 
4279.029   -2.949    2.935    1.857   -1.939    0.277   -0.282   -1.562    1.480 
4290.660   -0.207    0.099    2.261   -2.276   -0.840    0.751    2.980   -2.991 
4296.070    1.319   -1.346    1.494   -1.423    3.283   -3.302   -0.128    0.198 
4310.516    2.054   -2.064    1.969   -1.955   -1.791    1.796   -1.862    1.865 
4284.761   -1.259    1.296   -2.830    2.797   -1.904    1.974   -1.198    1.140 
4288.062   -2.056    2.075    1.104   -1.101    1.408   -1.383   -2.709    2.696 
4296.764    2.470   -2.419   -1.663    1.722    1.845   -1.794   -1.586    1.651 
4305.658   -1.709    1.673   -1.623    1.672    2.403   -2.384    1.848   -1.861 
4290.886    0.810   -0.847   -0.392    0.372   -2.660    2.631    2.616   -2.644 
4294.420   -2.871    2.836    2.151   -2.199   -1.369    1.355   -0.196    0.126 
4297.163    0.841   -0.910    2.525   -2.479    1.887   -1.951    2.037   -1.994 
4310.172    2.273   -2.279    1.921   -1.893   -1.477    1.495   -1.933    1.941 
4289.771   -3.015    3.009    1.694   -1.718    0.838   -0.839   -1.452    1.417 
4290.913   -1.649    1.674   -1.682    1.619   -3.014    3.049   -0.274    0.202 
4294.897    0.125   -0.051   -2.588    2.602    1.582   -1.522   -2.354    2.379 
4307.571    1.712   -1.688    1.540   -1.540   -1.552    1.571   -2.653    2.662 
4281.904    0.867   -0.927    0.906   -0.895   -0.181    0.119    3.619   -3.600 
4284.714   -1.286    1.244    3.356   -3.358    1.245   -1.292   -0.473    0.473 
4293.414    3.052   -3.054    0.256   -0.176    2.208   -2.196   -0.687    0.754 
4304.682   -1.729    1.738   -1.587    1.617    2.891   -2.867    0.949   -0.939 
4269.481    3.429   -3.408   -1.560    1.630    0.286   -0.279    0.562   -0.486 
4282.851    0.039   -0.071   -0.013   -0.014   -3.503    3.496    1.531   -1.584 
4288.107    1.195   -1.285    3.278   -3.234    0.640   -0.701    1.466   -1.439 
4302.450   -1.179    1.163   -1.246    1.229    1.349   -1.407    3.164   -3.141 
4278.529   -3.641    3.677   -0.109    0.042   -1.063    1.067   -0.345    0.301 
4283.258    0.906   -0.883   -2.218    2.178   -2.981    3.011    0.265   -0.296 
4290.017   -0.143    0.108    1.363   -1.380   -0.758    0.683    3.520   -3.493 
4300.627   -0.641    0.662   -2.812    2.848    2.033   -1.997    1.504   -1.481 
4279.758   -2.349    2.392   -0.009   -0.027    0.029    0.010   -3.027    2.986 
4286.894   -1.148    1.083    3.184   -3.175    1.570   -1.632    0.889   -0.889 
4291.033    2.501   -2.473    0.374   -0.309    2.153   -2.133   -1.919    1.992 
4304.676   -1.279    1.281   -2.098    2.142    2.776   -2.737    1.009   -1.008 
4276.268    2.099   -2.155    0.114   -0.076    0.075   -0.113    3.191   -3.163 
4288.763    2.618   -2.586   -0.055    0.124    2.176   -2.149   -1.767    1.840 
4289.717    1.486   -1.433   -2.345    2.318   -2.530    2.560   -0.822    0.828 
4304.969   -1.112    1.133   -3.039    3.066    1.915   -1.861    0.778   -0.790 
4285.725   -3.589    3.603   -0.570    0.534   -0.739    0.766   -0.965    0.910 
4291.066    0.217   -0.220   -1.963    1.939   -2.405    2.402    2.253   -2.271 
4291.242   -1.153    1.113    2.542   -2.569    0.244   -0.328    2.622   -2.604 
4305.298   -0.645    0.645   -1.994    2.054    2.898   -2.879    1.396   -1.360 
4287.754   -2.641    2.639    1.368   -1.416   -2.003    2.010   -1.356    1.297 
4291.027    1.174   -1.179   -1.099    1.088   -3.205    3.206    1.369   -1.383 
4292.771    0.090   -0.190    2.904   -2.868    0.132   -0.170    2.512   -2.533 
4306.215    2.528   -2.521    1.831   -1.787   -0.613    0.619   -2.150    2.200 
4267.016   -3.411    3.428    0.138   -0.188   -0.190    0.212   -1.709    1.644 
4282.961    1.562   -1.492   -0.613    0.644    1.037   -0.987   -3.279    3.327 
4284.355    0.240   -0.197   -2.469    2.425   -2.903    2.944   -0.342    0.310 
4300.639   -0.704    0.713   -2.860    2.908    2.283   -2.231    0.904   -0.902 
4282.239   -2.791    2.753    2.522   -2.562    0.507   -0.544   -0.534    0.495 
4288.728   -2.271    2.323   -2.444    2.387   -1.502    1.558   -1.149    1.090 
4296.226   -0.378    0.328    0.673   -0.721   -2.603    2.551    2.722   -2.764 
4307.877    1.276   -1.258    1.372   -1.396   -2.344    2.351   -2.400    2.390 
4285.641    0.057   -0.028   -3.630    3.673   -0.095    0.170   -1.153    1.146 
4287.227   -1.578    1.537   -0.658    0.619   -2.601    2.576    2.241   -2.303 
4288.878    3.413   -3.392   -0.457    0.467   -0.518    0.496    1.655   -1.615 
4303.755   -0.837    0.818   -0.831    0.861    2.766   -2.809    2.386   -2.335 
4284.765    0.790   -0.849   -0.419    0.385   -2.180    2.111    3.021   -3.064 
4294.920   -1.574    1.506    3.302   -3.321    0.363   -0.432    1.116   -1.138 
4296.962   -2.745    2.770   -0.688    0.604   -2.376    2.396   -1.070    0.984 
4311.937   -2.032    2.034   -1.795    1.796    2.075   -2.073    1.771   -1.769 
4282.286   -0.993    0.930    1.578   -1.596   -2.654    2.630    2.026   -2.087 
4288.160   -2.182    2.165    2.395   -2.403    0.744   -0.737   -1.932    1.916 
4291.213    0.364   -0.417    1.486   -1.453    2.571   -2.615    2.394   -2.370 
4303.195   -2.973    3.012   -2.105    2.031    0.644   -0.659    1.032   -1.052 
4271.502    0.361   -0.320   -2.546    2.471   -2.725    2.771    0.764   -0.831 
4282.954    1.003   -0.927   -2.540    2.581    1.951   -1.875   -1.849    1.900 
4294.122   -2.805    2.839   -0.077    0.020   -0.973    1.024   -2.437    2.376 
4305.002    2.398   -2.395    1.347   -1.324   -1.542    1.574   -2.191    2.186 
4274.389    0.621   -0.704    0.332   -0.344   -2.022    1.958    3.154   -3.202 
4285.153   -0.826    0.769    3.716   -3.687    0.565   -0.592    0.127   -0.133 
4289.541   -2.047    2.064    0.032   -0.089   -2.895    2.936   -1.450    1.361 
4304.388    3.083   -3.070    0.945   -0.906   -1.360    1.383   -1.579    1.614 
4282.013   -1.640    1.617    2.941   -2.955    0.632   -0.711    1.710   -1.676 
4285.647   -0.934    0.965   -1.727    1.677   -1.822    1.804    2.760   -2.751 
4286.417   -3.203    3.258   -0.586    0.528   -0.618    0.653   -1.906    1.860 
4302.918   -0.814    0.836   -1.646    1.693    3.270   -3.247    0.836   -0.791 
4282.916   -1.052    0.991    3.493   -3.479    1.187   -1.239   -0.137    0.143 
4286.694    0.117   -0.172    0.783   -0.810   -1.831    1.767    3.278   -3.300 
4295.021    2.721   -2.737    0.043    0.033    2.407   -2.433    1.245   -1.163 
4306.370    2.497   -2.505    1.383   -1.370   -2.035    2.052   -1.561    1.556 
4281.252   -1.113    1.089    2.642   -2.664    0.239   -0.330    2.535   -2.493 
4284.342   -0.126    0.153   -2.328    2.300   -1.658    1.656    2.566   -2.558 
4288.563   -3.544    3.593   -0.407    0.346   -0.811    0.831   -1.094    1.057 
4303.412   -0.840    0.859   -1.440    1.488    3.364   -3.350    0.812   -0.762 
4286.114   -2.334    2.377   -1.780    1.762   -0.361    0.433   -2.447    2.387 
4288.802   -1.393    1.380    3.092   -3.103    1.365   -1.391   -1.151    1.147 
4295.865   -2.058    2.009    0.869   -0.921   -2.612    2.583    1.719   -1.790 
4306.351   -1.786    1.746   -1.068    1.099    2.436   -2.449    2.121   -2.119 
4288.940    0.776   -0.792   -1.015    0.983   -2.729    2.704    2.387   -2.407 
4291.882    2.330   -2.376    0.985   -0.918    2.061   -2.103    2.022   -1.956 
4294.812   -2.406    2.358    2.458   -2.495   -0.113    0.047    1.703   -1.727 
4307.955   -1.700    1.720   -2.593    2.600    1.747   -1.724    1.447   -1.443 
4277.257    3.656   -3.658   -0.945    1.018    0.234   -0.214    0.522   -0.475 
4286.616   -0.325    0.295    0.112   -0.148   -1.816    1.764    3.369   -3.380 
4289.177   -0.176    0.229   -2.155    2.113   -2.814    2.862   -1.456    1.418 
4304.204   -1.038    1.079   -3.026    3.048    1.870   -1.826    1.003   -0.988 
4281.523    1.822   -1.867    1.446   -1.461   -0.416    0.325    3.019   -2.983 
4285.692    0.177   -0.191   -3.204    3.216   -1.667    1.694    1.224   -1.256 
4294.816    3.002   -2.948   -1.167    1.226    1.867   -1.834   -0.978    1.065 
4306.498    1.582   -1.539    0.888   -0.941   -2.895    2.897   -1.769    1.755 
4277.537    0.343   -0.298   -2.262    2.183   -2.945    2.998    0.845   -0.904 
4286.606    0.092   -0.170    1.664   -1.655   -0.259    0.175    3.448   -3.445 
4293.539   -2.789    2.777    1.686   -1.754   -1.835    1.822   -0.870    0.806 
4307.087    2.615   -2.642    2.026   -1.999   -1.570    1.560   -1.158    1.169 
4283.963   -3.215    3.238    0.657   -0.708    0.204   -0.182   -1.973    1.918 
4291.273   -1.500    1.464    0.130   -0.194   -2.751    2.709    2.221   -2.279 
4294.985    0.530   -0.460   -2.609    2.584   -1.983    2.046   -1.937    1.917 
4308.316   -1.348    1.369   -2.745    2.752    1.801   -1.779    1.474   -1.470 
4284.922   -3.020    3.046    0.453   -0.519   -0.611    0.609   -2.230    2.192 
4289.096    0.902   -0.839   -2.517    2.488   -2.565    2.591   -1.021    1.029 
4293.262   -1.484    1.434    0.580   -0.638   -2.202    2.153    2.711   -2.768 
4305.680   -1.611    1.628   -2.800    2.818    1.752   -1.695    1.114   -1.139 
4278.010   -0.779    0.830   -0.017    0.046    1.575   -1.498   -3.400    3.422 
4283.789    3.634   -3.611   -0.739    0.802    0.882   -0.857   -0.420    0.482 
4294.470   -0.221    0.262   -3.067    3.042   -2.118    2.172   -0.901    0.856 
4305.590   -0.912    0.927   -2.183    2.215    2.656   -2.647    1.449   -1.409 
4280.058    0.180   -0.161    0.250   -0.200    3.474   -3.442   -1.598    1.642 
4285.138   -0.875    0.934   -0.667    0.630   -1.463    1.498   -3.355    3.351 
4291.507   -2.656    2.607    2.776   -2.807    0.008   -0.044    0.136   -0.177 
4305.242    2.624   -2.662    2.570   -2.526   -0.715    0.697   -0.870    0.898 
4280.297   -0.193    0.270   -2.754    2.707   -2.125    2.149   -1.600    1.609 
4285.567   -1.882    1.902    1.784   -1.818    0.012   -0.028   -2.806    2.806 
4290.838    0.810   -0.766   -1.536    1.594    3.085   -3.026   -1.502    1.540 
4303.285    3.251   -3.233    1.247   -1.225   -0.899    0.873   -1.351    1.422 
4276.371   -2.391    2.326    2.953   -3.000   -0.120    0.097   -0.472    0.403 
4287.250    1.278   -1.363    1.471   -1.441   -1.148    1.092    3.103   -3.090 
4294.777   -1.762    1.780   -1.501    1.437   -3.042    3.073    0.303   -0.382 
4305.948    2.067   -2.059    1.248   -1.216   -2.011    2.059   -2.201    2.196 
4282.975   -0.078    0.124   -2.018    1.943   -3.263    3.289   -0.128    0.090 
4289.232   -1.443    1.504   -0.233    0.212    0.322   -0.284   -3.522    3.524 
4296.393   -2.402    2.353    2.507   -2.563   -1.509    1.452    0.681   -0.731 
4307.922    2.634   -2.638    2.091   -2.079   -1.310    1.277   -1.319    1.362 
4274.856   -0.157    0.173    1.060   -0.988    3.220   -3.200   -1.767    1.839 
4287.948    0.336   -0.425    2.311   -2.284    0.871   -0.964    2.914   -2.895 
4294.195   -2.521    2.499    2.275   -2.330   -1.452    1.430   -1.066    1.008 
4308.183   -2.881    2.888   -1.774    1.746    1.196   -1.191    1.377   -1.402 
4288.778   -2.881    2.908    0.894   -0.932    0.708   -0.680   -2.268    2.223 
4294.722   -1.925    1.891    0.448   -0.518   -2.777    2.742    1.772   -1.842 
4297.272    0.058    0.016   -2.990    2.963   -1.649    1.722   -1.768    1.739 
4311.025   -1.644    1.653   -2.203    2.205    1.957   -1.958    1.840   -1.833 
4279.301    3.572   -3.564   -1.230    1.301    0.526   -0.495   -0.213    0.255 
4281.311   -0.457    0.500   -0.221    0.232    1.103   -1.048   -3.632    3.642 
4292.771    0.234   -0.274    1.901   -1.851    3.229   -3.254    0.823   -0.786 
4303.098   -1.248    1.303   -3.101    3.092    1.687   -1.660    0.859   -0.843 
4280.471   -2.460    2.437    2.247   -2.288    0.748   -0.771   -1.739    1.701 
4283.373    0.801   -0.883    2.550   -2.530    0.911   -0.991    2.581   -2.558 
4292.631   -2.288    2.252   -0.251    0.178   -2.472    2.448    1.828   -1.906 
4304.899   -1.691    1.680   -1.724    1.763    2.701   -2.675    1.276   -1.284 
4276.915   -2.665    2.586    2.682   -2.751    0.460   -0.521   -0.366    0.309 
4291.403   -2.057    2.078   -1.564    1.487   -2.823    2.850   -0.329    0.252 
4295.268    0.870   -0.938    1.539   -1.560   -1.825    1.754    2.882   -2.895 
4309.089   -1.651    1.634   -1.600    1.609    1.801   -1.810    2.496   -2.500 
4279.615   -0.286    0.330   -0.109    0.128    1.484   -1.427   -3.521    3.531 
4287.937   -0.101    0.148   -2.144    2.097   -2.958    3.005   -1.166    1.122 
4293.339   -2.571    2.547    2.401   -2.462   -1.458    1.427   -0.482    0.431 
4305.785   -2.834    2.865   -2.093    2.066    1.279   -1.264    0.831   -0.844 
4281.181   -2.847    2.819    2.372   -2.432   -0.350    0.334   -0.895    0.835 
4283.892    0.053   -0.126    0.990   -1.000   -1.863    1.804    3.198   -3.225 
4291.585    0.579   -0.629    1.657   -1.606    3.157   -3.181    1.303   -1.266 
4303.237    2.488   -2.533    2.327   -2.270   -1.084    1.087   -1.393    1.408 
4276.262    0.294   -0.264   -1.726    1.649   -3.105    3.135    1.369   -1.437 
4284.311   -2.270    2.213    2.459   -2.497   -0.812    0.733    1.693   -1.718 
4293.309    2.419   -2.471    0.720   -0.657    1.013   -1.081    2.714   -2.652 
4304.816   -1.884    1.934   -2.304    2.270    1.788   -1.804    1.640   -1.607 
4277.282    3.285   -3.253   -1.899    1.958    0.492   -0.467   -0.002    0.056 
4285.068    0.330   -0.362   -0.231    0.199   -3.069    3.038    2.260   -2.304 
4289.035    1.702   -1.764    3.143   -3.110    0.789   -0.843    1.137   -1.103 
4302.659   -0.916    0.909   -1.068    1.068    2.090   -2.147    2.899   -2.854 
4288.173   -2.031    1.986    3.057   -3.059    1.096   -1.140   -0.310    0.304 
4293.985   -1.944    1.930   -0.128    0.051   -2.740    2.712    1.856   -1.915 
4294.592    2.155   -2.218    1.628   -1.588    0.229   -0.296    2.727   -2.685 
4308.976   -1.470    1.478   -1.664    1.674    2.447   -2.460    1.961   -1.933 
4283.963   -2.529    2.481    2.718   -2.765    0.830   -0.883   -0.423    0.391 
4289.651    1.646   -1.708    1.599   -1.553    1.167   -1.224    2.848   -2.804 
4293.408   -1.613    1.597   -0.347    0.275   -2.667    2.632    2.226   -2.270 
4306.391   -1.737    1.751   -2.136    2.162    2.378   -2.343    1.233   -1.230 
4285.968   -1.841    1.915   -0.293    0.240   -0.567    0.591   -3.286    3.274 
4291.628    1.187   -1.136   -3.091    3.073   -1.963    1.986   -0.055    0.067 
4296.351    1.654   -1.616   -1.212    1.277    2.973   -2.925   -1.330    1.386 
4307.528   -2.684    2.688   -1.915    1.895    1.363   -1.333    1.424   -1.474 
4279.218    3.326   -3.333   -1.185    1.253    0.093   -0.091    1.467   -1.415 
4285.126   -0.905    0.851    0.655   -0.702   -2.438    2.381    2.742   -2.790 
4289.960   -0.187    0.123    1.983   -1.947    2.709   -2.745    1.849   -1.833 
4303.413    1.645   -1.689    3.001   -2.980   -1.215    1.191   -1.248    1.255 
4278.869   -2.960    2.905    2.341   -2.421   -0.261    0.202    0.530   -0.577 
4287.059    0.397   -0.418    0.917   -0.852    3.723   -3.690   -0.074    0.089 
4288.989   -0.838    0.878   -0.184    0.168    0.072   -0.049   -3.724    3.741 
4303.319   -2.244    2.307   -2.887    2.853    0.958   -0.926    0.661   -0.670 
4276.774    2.210   -2.249   -0.115    0.166    0.351   -0.364    3.097   -3.072 
4281.520    1.861   -1.783   -2.870    2.886   -1.132    1.189   -1.291    1.325 
4289.352   -2.101    2.094   -1.178    1.110   -2.444    2.432    1.719   -1.778 
4301.734   -1.400    1.412   -2.232    2.278    2.737   -2.673    0.585   -0.601 
4278.711    0.774   -0.725   -0.640    0.681    3.143   -3.108   -1.933    2.001 
4284.664    3.089   -3.075   -1.970    2.007   -0.552    0.555    0.988   -0.952 
4294.923    0.979   -1.047    2.271   -2.229    1.696   -1.768    2.404   -2.357 
4303.221   -1.884    1.917   -2.323    2.273    1.242   -1.281    2.069   -2.049 
4276.879   -3.170    3.102    2.105   -2.176   -0.150    0.113   -0.480    0.408 
4282.392   -0.422    0.433   -0.828    0.775   -3.708    3.713    0.254   -0.300 
4293.519   -1.269    1.353   -2.439    2.422    0.510   -0.451   -2.623    2.624 
4304.841    1.719   -1.703    1.896   -1.881   -0.800    0.807   -2.744    2.774 
4287.172   -3.027    3.055    0.389   -0.426    0.342   -0.306   -2.307    2.254 
4294.996   -1.681    1.658   -0.672    0.611   -2.953    2.938    1.664   -1.735 
4296.387    0.907   -0.835   -3.137    3.141   -0.837    0.913   -1.843    1.840 
4309.870   -1.392    1.386   -2.073    2.097    2.290   -2.286    1.813   -1.802 
4276.706    1.252   -1.305    0.295   -0.274   -0.028   -0.016    3.603   -3.585 
4286.041    3.212   -3.214   -0.149    0.224    1.763   -1.739   -1.097    1.149 
4287.939    1.321   -1.288   -2.251    2.220   -2.805    2.829   -0.291    0.279 
4303.392   -0.996    1.027   -3.092    3.120    1.956   -1.898    0.604   -0.605 
4281.584   -0.248    0.292   -2.366    2.293   -3.001    3.051   -0.039   -0.015 
4287.590   -2.697    2.738    0.072   -0.104    0.210   -0.172   -2.720    2.679 
4295.245    2.188   -2.136   -1.915    1.965    1.342   -1.277   -2.124    2.168 
4305.826   -1.612    1.610   -2.338    2.364    1.962   -1.929    1.677   -1.690 
4282.442   -0.933    0.868    3.477   -3.471   -1.180    1.161    0.615   -0.654 
4285.618   -0.115    0.115   -1.379    1.349   -3.463    3.490    0.836   -0.894 
4294.504    3.187   -3.213    0.538   -0.498    0.179   -0.218    2.079   -2.026 
4306.323    1.938   -1.903    0.693   -0.671   -1.064    1.118   -3.066    3.074 
4280.683    1.672   -1.596   -3.265    3.273   -1.067    1.111   -0.338    0.365 
4285.104    1.088   -1.064   -0.460    0.533    3.495   -3.450   -1.078    1.127 
4288.719   -1.390    1.439   -0.119    0.081   -0.672    0.691   -3.493    3.500 
4302.912   -2.971    2.999   -1.957    1.909    0.987   -0.975    1.045   -1.080 
4271.348    3.546   -3.529   -1.211    1.263   -0.001    0.010    0.781   -0.718 
4281.259    0.963   -1.026    3.375   -3.348    1.251   -1.320    0.865   -0.830 
4292.138   -0.579    0.530    0.236   -0.279   -2.280    2.232    3.026   -3.067 
4302.737   -0.898    0.880   -1.307    1.349    2.830   -2.830    2.051   -2.034 
4279.716   -3.781    3.786    0.294   -0.340   -0.413    0.412   -0.267    0.223 
4289.244    0.003   -0.046    2.329   -2.351   -0.262    0.175    3.043   -3.019 
4290.075    0.068   -0.077    2.535   -2.513    2.268   -2.280   -1.774    1.798 
4304.404   -0.562    0.566   -1.641    1.690    3.065   -3.062    1.533   -1.486 
4284.385    0.770   -0.733   -0.269    0.318    3.359   -3.337   -1.644    1.715 
4287.609   -2.614    2.577    2.712   -2.740    0.601   -0.627   -0.436    0.408 
4293.283    2.266   -2.315    2.344   -2.313    0.619   -0.679    1.931   -1.889 
4304.600   -1.481    1.466   -1.337    1.328    1.616   -1.662    2.857   -2.839 
4280.215   -0.868    0.810    3.398   -3.379    1.552   -1.596   -0.079    0.086 
4283.995   -0.316    0.259    1.113   -1.153   -2.488    2.432    2.674   -2.718 
4290.833    1.986   -2.011   -0.430    0.491    2.167   -2.193    2.425   -2.373 
4304.177   -3.155    3.166   -1.317    1.279    1.183   -1.189    1.278   -1.305 
4276.418    0.558   -0.566    0.309   -0.249    3.782   -3.760    0.059   -0.029 
4283.480   -1.377    1.437   -0.114    0.090    0.276   -0.253   -3.545    3.561 
4290.266   -2.912    2.860    2.251   -2.285    0.234   -0.265    1.065   -1.118 
4303.712    2.006   -2.045    3.106   -3.070   -0.524    0.497   -0.910    0.939 
4280.453    0.659   -0.719    3.319   -3.296    0.576   -0.639    1.701   -1.680 
4284.066    1.487   -1.515   -1.559    1.558   -1.287    1.268    2.895   -2.896 
4291.328    1.946   -1.923   -0.907    0.956    3.173   -3.182   -0.065    0.144 
4302.096    2.900   -2.853    0.639   -0.637   -1.610    1.625   -1.832    1.873 
4277.454    0.613   -0.674   -0.450    0.403   -2.067    1.990    3.123   -3.178 
4281.701   -0.770    0.794   -3.414    3.426   -1.094    1.170   -1.050    1.010 
4294.045   -3.178    3.138    1.333   -1.393   -1.701    1.677   -0.305    0.221 
4304.472   -1.959    1.911   -0.938    0.987    2.545   -2.541    1.898   -1.899 
4278.588    0.422   -0.386   -2.315    2.240   -2.785    2.828    1.162   -1.223 
4287.132    0.204   -0.291    1.966   -1.955   -0.211    0.118    3.283   -3.280 
4295.033   -2.815    2.803    1.488   -1.561   -1.980    1.973   -0.836    0.761 
4308.574   -2.576    2.589   -1.838    1.821    1.699   -1.696    1.364   -1.375 
4276.747   -0.598    0.589   -0.089    0.052   -3.747    3.767    0.360   -0.420 
4286.324   -3.184    3.182    1.496   -1.525    0.328   -0.320   -1.505    1.461 
4290.597    0.456   -0.541    3.160   -3.120    0.065   -0.110    2.146   -2.146 
4301.972    2.005   -1.983    1.620   -1.587   -0.614    0.638   -2.776    2.807 
4278.116    2.170   -2.222   -0.453    0.502   -0.186    0.152    3.114   -3.073 
4286.871    1.850   -1.770   -2.870    2.899   -0.239    0.302   -1.721    1.761 
4294.111    1.720   -1.732    1.357   -1.280    3.053   -3.045   -0.829    0.890 
4305.474   -1.896    1.913   -2.104    2.111    2.331   -2.300    1.141   -1.154 
4280.901    3.456   -3.435   -1.468    1.540    0.658   -0.625    0.364   -0.317 
4284.535   -0.063    0.117   -0.482    0.498    1.243   -1.196   -3.583    3.614 
4288.081   -0.124    0.085    1.464   -1.416    3.420   -3.417    0.966   -0.953 
4302.525    1.640   -1.694    3.200   -3.179   -1.068    1.032   -0.824    0.831 
4273.985   -3.405    3.446    0.541   -0.610    0.033   -0.001   -1.637    1.553 
4287.538    0.560   -0.574    1.542   -1.481    3.416   -3.425   -0.617    0.672 
4293.350    0.746   -0.656   -2.755    2.772    0.678   -0.592   -2.487    2.497 
4306.113   -1.447    1.437   -2.115    2.126    1.616   -1.619    2.360   -2.357 
4283.033    0.765   -0.714   -2.624    2.582   -2.686    2.715    0.257   -0.277 
4288.434    1.866   -1.813   -2.063    2.127    2.446   -2.392   -1.008    1.067 
4293.751   -1.848    1.905   -0.483    0.443   -0.368    0.406   -3.301    3.291 
4305.848   -2.696    2.710   -1.841    1.806    1.181   -1.175    1.637   -1.667 
4282.027   -3.516    3.502    1.467   -1.530   -0.310    0.286   -0.178    0.131 
4287.863    0.044   -0.077   -0.075    0.037   -2.485    2.437    2.929   -2.956 
4293.816   -0.914    0.978   -2.783    2.742   -1.866    1.931   -1.640    1.596 
4304.667   -1.195    1.221   -2.204    2.207    2.229   -2.240    1.868   -1.833 
4285.895    0.542   -0.533   -2.223    2.181   -2.778    2.778    1.344   -1.386 
4289.989    0.771   -0.694   -2.825    2.861    1.432   -1.353   -2.020    2.058 
4295.914    2.870   -2.896    0.064   -0.003    1.509   -1.542    2.064   -1.998 
4308.545    2.381   -2.369    1.339   -1.331   -1.647    1.663   -2.141    2.152 
4285.733   -3.009    3.043    0.075   -0.111    0.074   -0.038   -2.377    2.330 
4290.609   -1.237    1.239   -1.521    1.459   -2.971    2.969    1.443   -1.497 
4292.456   -1.725    1.667    2.496   -2.512    0.550   -0.623    2.287   -2.293 
4306.388   -1.062    1.070   -2.483    2.522    2.379   -2.347    1.338   -1.325 
4277.961    1.740   -1.662   -3.138    3.153   -1.312    1.375    0.242   -0.228 
4286.151    1.512   -1.476   -0.637    0.719    3.321   -3.296   -0.983    1.067 
4295.508   -2.333    2.390   -1.471    1.427   -0.025    0.084   -2.681    2.642 
4307.716    2.012   -2.001    1.498   -1.478   -1.379    1.405   -2.565    2.568 
4277.052   -2.964    3.002    0.834   -0.895    0.281   -0.255   -2.244    2.194 
4284.122    1.786   -1.727   -1.273    1.327    1.698   -1.634   -2.643    2.693 
4292.366    0.098   -0.149    2.079   -2.033    3.064   -3.098    1.019   -0.983 
4303.742    1.607   -1.652    2.853   -2.835   -1.549    1.535   -1.273    1.270 
4280.961    1.756   -1.686   -3.341    3.359   -0.664    0.724    0.002    0.015 
4286.968    0.195   -0.244    0.427   -0.453   -1.662    1.600    3.429   -3.443 
4294.998   -2.697    2.724   -0.933    0.845   -2.408    2.437   -0.904    0.824 
4306.999    2.086   -2.102    1.576   -1.568   -2.389    2.405   -1.479    1.458 
4278.664   -2.173    2.223    0.370   -0.377    1.383   -1.330   -2.810    2.793 
4283.592    1.894   -1.909    1.060   -0.975    3.156   -3.166    0.214   -0.129 
4292.331   -2.127    2.054    2.368   -2.390    0.342   -0.410    2.119   -2.153 
4304.944   -1.366    1.369   -2.805    2.826    1.664   -1.628    1.492   -1.502 
4282.895   -0.823    0.833   -3.268    3.274   -1.723    1.788   -0.469    0.420 
4290.353   -1.954    1.975   -0.109    0.133    1.879   -1.830   -2.729    2.721 
4294.033   -2.525    2.487    1.790   -1.856   -2.276    2.245    0.149   -0.221 
4305.025    2.010   -1.945    0.782   -0.814   -1.753    1.768   -2.656    2.673 
4279.958    0.114   -0.133   -0.578    0.533   -2.311    2.272    2.998   -3.031 
4283.276   -1.389    1.318    3.300   -3.299    0.677   -0.755    1.206   -1.201 
4292.693    2.486   -2.511   -0.068    0.144    2.357   -2.393    1.725   -1.647 
4304.088   -2.560    2.601   -1.883    1.851    1.812   -1.821    1.145   -1.129 
4277.718    1.150   -1.093   -3.386    3.392   -1.347    1.408    0.101   -0.096 
4282.771   -2.925    2.960   -0.705    0.646   -0.859    0.899   -2.221    2.152 
4292.990   -1.004    0.953    0.867   -0.931   -2.882    2.836    2.164   -2.220 
4302.745   -1.974    1.933   -1.365    1.390    1.974   -1.965    2.251   -2.279 
4283.058    3.043   -3.007    0.870   -0.837    2.090   -2.098   -0.583    0.661 
4286.317    2.258   -2.253   -0.994    0.976   -2.334    2.321    1.794   -1.805 
4289.205    0.340   -0.304   -3.362    3.412    0.452   -0.368   -1.718    1.719 
4303.208    0.573   -0.550    1.218   -1.250   -2.157    2.198   -2.879    2.835 
4283.655   -0.090    0.115    0.597   -0.544    3.335   -3.303   -1.797    1.858 
4291.302   -3.217    3.192    1.895   -1.951   -0.721    0.702   -0.551    0.491 
4295.132    0.788   -0.866    2.487   -2.460    1.005   -1.082    2.632   -2.608 
4307.825   -1.943    1.949   -2.157    2.142    1.440   -1.447    2.065   -2.069 
4271.017   -1.324    1.411   -0.012    0.006    1.549   -1.455   -3.238    3.229 
4283.130   -2.255    2.207    2.904   -2.950   -0.953    0.919    0.462   -0.532 
4290.069    1.940   -1.978    2.256   -2.188    2.402   -2.438    0.332   -0.242 
4303.692   -1.999    2.000   -1.093    1.080    2.372   -2.411    1.972   -1.944 
4275.799    0.921   -0.861   -3.486    3.484   -1.273    1.331   -0.003    0.004 
4286.596    2.757   -2.759   -0.195    0.275    2.509   -2.518    0.887   -0.804 
4289.309    1.397   -1.448    1.199   -1.212   -2.301    2.250    2.460   -2.466 
4304.000    2.093   -2.050    0.990   -0.986   -1.218    1.237   -2.809    2.838 
4285.902   -1.955    2.002   -0.361    0.363    0.906   -0.837   -3.157    3.136 
4290.698   -0.451    0.467   -3.265    3.256   -1.943    1.992    0.101   -0.148 
4295.123    2.912   -2.860   -1.444    1.507    1.714   -1.673   -1.136    1.215 
4308.051    1.525   -1.494    1.315   -1.358   -2.698    2.698   -1.857    1.844 
4283.143   -2.947    2.980    0.776   -0.846   -0.164    0.174   -2.309    2.257 
4291.854    0.523   -0.454   -2.403    2.368   -2.665    2.692   -1.275    1.277 
4293.489   -1.464    1.405    1.046   -1.106   -2.407    2.348    2.396   -2.452 
4307.876    1.893   -1.916    2.698   -2.693   -1.389    1.351   -1.398    1.427 
4279.349    0.588   -0.648   -0.340    0.294   -2.854    2.797    2.451   -2.520 
4289.723   -2.496    2.532   -1.357    1.300   -1.889    1.939   -1.758    1.684 
4293.408   -1.922    1.863    3.274   -3.293   -0.313    0.268    0.529   -0.571 
4306.416    2.129   -2.094    1.446   -1.443   -1.708    1.724   -2.281    2.305 
4274.449   -0.782    0.800   -0.661    0.595   -3.680    3.679   -0.239    0.199 
4283.148    3.291   -3.299   -0.792    0.824   -0.676    0.667    1.673   -1.633 
4291.925   -0.653    0.569    2.877   -2.874   -0.529    0.478    2.400   -2.432 
4300.690    1.689   -1.674    2.335   -2.321   -0.609    0.596   -2.450    2.495 
4282.874    0.532   -0.613    2.065   -2.052    0.048   -0.120    3.180   -3.176 
4284.046   -1.008    0.994    2.890   -2.881    1.534   -1.551   -1.726    1.735 
4294.557    2.158   -2.148   -0.806    0.882    3.071   -3.059    0.112   -0.041 
4305.619    2.973   -2.965    1.193   -1.180   -1.723    1.718   -1.241    1.271 
4282.626   -0.206    0.228   -1.774    1.726   -3.380    3.412    0.169   -0.217 
4287.642   -1.074    1.015    3.255   -3.265   -1.585    1.553    0.694   -0.733 
4290.359    2.634   -2.679    0.208   -0.170   -0.135    0.095    2.782   -2.742 
4305.089    2.579   -2.543    0.992   -0.970   -0.801    0.821   -2.544    2.585 
4275.171   -0.959    1.020   -1.263    1.295    1.661   -1.575   -3.052    3.072 
4281.702   -0.136    0.124   -3.516    3.527   -1.198    1.215    0.865   -0.898 
4288.833    3.302   -3.256   -0.687    0.723    1.840   -1.853    0.265   -0.161 
4302.194   -1.739    1.697   -0.307    0.326    2.665   -2.711    2.124   -2.099 
4290.160   -0.399    0.391   -0.514    0.468   -3.660    3.657    0.945   -0.999 
4290.564   -2.312    2.258    3.068   -3.091   -0.189    0.158   -0.065    0.023 
4295.926   -1.841    1.911   -1.476    1.433   -0.372    0.421   -3.006    2.986 
4307.748    2.424   -2.422    1.721   -1.685   -1.062    1.075   -2.189    2.216 
4279.204   -1.557    1.480    3.511   -3.512    0.024   -0.054   -0.055    0.014 
4286.778   -2.024    2.083   -0.937    0.891   -0.121    0.162   -3.119    3.087 
4289.444   -0.750    0.737   -0.298    0.260   -3.667    3.689    0.714   -0.777 
4303.113    2.784   -2.749    1.199   -1.162   -1.064    1.085   -2.105    2.153 
4280.787   -2.193    2.141    2.731   -2.737    1.503   -1.559   -0.398    0.391 
4286.136   -2.841    2.876   -1.184    1.095   -2.165    2.199   -0.712    0.633 
4294.338   -0.007   -0.052    1.417   -1.451   -1.773    1.701    3.104   -3.118 
4306.101   -1.346    1.348   -1.954    1.979    2.148   -2.141    2.120   -2.108 
4286.098   -0.085    0.066    1.838   -1.784    3.304   -3.316   -0.665    0.707 
4289.778   -1.834    1.896   -0.767    0.734   -0.276    0.329   -3.270    3.240 
4295.457   -2.225    2.175    2.700   -2.754   -1.409    1.355    0.732   -0.785 
4307.248    2.545   -2.534    1.864   -1.861   -1.331    1.315   -1.741    1.775 
4278.719    0.187   -0.160   -2.028    1.959   -3.178    3.203    0.659   -0.717 
4291.223    1.295   -1.223   -2.889    2.929    1.600   -1.524   -1.476    1.518 
4294.211   -2.751    2.795   -0.210    0.159   -0.565    0.611   -2.612    2.561 
4308.274    2.345   -2.331    1.503   -1.490   -1.300    1.311   -2.305    2.325 
4289.382    0.678   -0.631   -2.592    2.548   -2.757    2.790   -0.067    0.047 
4291.936    3.017   -3.050   -0.279    0.346    0.951   -0.961    2.149   -2.107 
4295.544    1.391   -1.339   -1.337    1.386    1.677   -1.615   -2.867    2.905 
4307.958   -1.794    1.813   -2.486    2.495    1.869   -1.831    1.366   -1.378 
4282.906    0.621   -0.565   -2.473    2.405   -2.849    2.899    0.322   -0.365 
4291.873   -3.173    3.157    1.259   -1.339   -1.740    1.708    0.208   -0.269 
4295.297   -0.987    1.053   -1.261    1.247    0.479   -0.413   -3.460    3.453 
4308.353   -1.813    1.839   -2.354    2.347    1.818   -1.799    1.622   -1.622 
4289.544   -1.208    1.163    0.940   -0.993   -2.335    2.278    2.633   -2.680 
4290.660   -2.765    2.753    2.167   -2.199    0.887   -0.902   -1.263    1.244 
4293.604    0.978   -1.032    1.484   -1.429    2.598   -2.627    2.199   -2.172 
4306.376   -2.150    2.193   -2.649    2.621    1.344   -1.325    1.143   -1.150 
4274.797   -0.343    0.300    3.295   -3.266    1.911   -1.952   -0.171    0.196 
4280.196    0.095   -0.162    1.495   -1.526   -2.330    2.264    2.644   -2.679 
4287.612   -1.809    1.832    0.953   -1.010   -2.183    2.204   -2.396    2.338 
4304.100    3.376   -3.360    0.801   -0.770   -0.912    0.918   -1.380    1.422 
4279.664   -3.145    3.183   -1.006    0.943   -1.342    1.380   -1.387    1.317 
4281.972   -1.600    1.568    2.708   -2.689    2.150   -2.188   -0.426    0.432 
4292.933   -0.917    0.865    1.399   -1.442   -1.877    1.812    2.908   -2.933 
4301.233   -1.163    1.150   -2.087    2.130    2.192   -2.164    2.044   -2.047 
4281.900   -2.556    2.516    2.509   -2.561   -0.621    0.561    1.195   -1.218 
4287.113    0.819   -0.829   -1.077    1.056   -2.043    2.004    2.966   -2.969 
4292.871    2.509   -2.566    2.381   -2.324    1.281   -1.323    1.053   -1.008 
4303.716    1.059   -1.081    1.259   -1.269   -2.919    2.951   -1.870    1.808 
4283.687    3.140   -3.124   -1.734    1.793   -0.265    0.275    1.330   -1.278 
4287.688    0.829   -0.762   -1.146    1.186    1.697   -1.626   -3.137    3.171 
4295.916   -1.084    1.136   -2.257    2.201   -2.757    2.800   -0.946    0.890 
4307.101   -1.725    1.754   -2.309    2.299    2.050   -2.049    1.498   -1.481 
4285.539   -1.984    1.927    3.051   -3.060    1.160   -1.213   -0.377    0.368 
4293.114   -1.250    1.211    0.506   -0.573   -2.694    2.651    2.377   -2.438 
4295.360   -2.482    2.539   -1.461    1.396   -1.130    1.188   -2.282    2.223 
4309.762   -1.756    1.766   -1.747    1.746    2.199   -2.212    1.947   -1.929 
4284.259   -3.152    3.144    1.229   -1.297   -0.786    0.738    1.592   -1.619 
4286.571   -1.737    1.774    0.113   -0.136    0.299   -0.270   -3.401    3.390 
4291.869    0.006   -0.039    1.726   -1.672    3.427   -3.426    0.345   -0.318 
4304.696   -1.272    1.329   -3.207    3.205    1.548   -1.503    0.682   -0.674 
4292.216    2.801   -2.797   -1.749    1.779   -0.902    0.905    1.748   -1.717 
4295.673    1.120   -1.055   -1.791    1.829    1.248   -1.174   -2.959    2.985 
4297.088   -1.768    1.808   -2.025    1.957   -2.686    2.723   -0.576    0.511 
4311.232   -1.587    1.600   -2.097    2.110    2.282   -2.274    1.630   -1.615 
4277.311   -2.958    2.985    0.632   -0.704   -0.341    0.336   -2.309    2.274 
4286.227    1.843   -1.755   -1.830    1.854   -0.450    0.494   -2.766    2.828 
4291.827    0.600   -0.609    1.195   -1.131    3.491   -3.464   -0.951    0.981 
4305.441   -1.476    1.512   -3.090    3.098    1.546   -1.486    0.798   -0.820 
4280.843    2.159   -2.197   -0.264    0.246   -1.579    1.519    2.731   -2.733 
4284.494    2.433   -2.418    1.204   -1.138    2.707   -2.710   -0.245    0.337 
4292.720   -1.762    1.693    2.753   -2.776    0.525   -0.601    1.936   -1.961 
4304.592   -1.045    1.024   -2.356    2.406    2.171   -2.143    1.830   -1.830 
4290.282    0.733   -0.712   -2.441    2.401   -2.691    2.714    1.013   -1.044 
4292.536    2.426   -2.484    1.010   -0.961    0.756   -0.813    2.695   -2.644 
4297.642   -2.274    2.223    1.896   -1.955   -1.657    1.597    1.807   -1.861 
4310.076   -1.779    1.775   -2.045    2.064    2.056   -2.038    1.788   -1.794 
4285.508   -2.219    2.154    3.037   -3.078   -0.004   -0.057    0.735   -0.765 
4288.219    0.652   -0.682   -0.355    0.339   -1.645    1.597    3.393   -3.398 
4296.211   -2.231    2.268   -1.391    1.314   -2.626    2.651   -0.987    0.924 
4306.650   -2.097    2.125   -1.854    1.843    2.274   -2.276    1.315   -1.297 
4282.538   -3.621    3.629    1.155   -1.219   -0.127    0.105   -0.343    0.307 
4287.498   -0.088    0.055    0.689   -0.709   -0.815    0.745    3.698   -3.677 
4291.567   -0.760    0.810   -2.707    2.658   -2.610    2.652   -0.083    0.041 
4305.934   -0.933    0.964   -2.358    2.397    2.702   -2.673    1.010   -0.978 
4281.044    0.418   -0.417   -1.842    1.777   -2.631    2.626    2.049   -2.104 
4287.420   -0.009   -0.075    2.614   -2.602    0.354   -0.457    2.787   -2.772 
4295.527   -3.229    3.234    0.957   -1.037   -1.709    1.701   -0.682    0.613 
4308.171   -2.029    2.044   -1.904    1.913    2.181   -2.171    1.501   -1.489 
4276.758   -0.124    0.176   -0.427    0.443    1.159   -1.097   -3.617    3.635 
4283.012   -3.046    3.013    2.298   -2.350   -0.243    0.212   -0.250    0.207 
4291.398    1.106   -1.146    1.874   -1.812    3.085   -3.108    0.720   -0.668 
4300.738   -2.035    2.078   -2.406    2.383    1.955   -1.947    0.979   -0.968 
4279.774    0.349   -0.305    0.048    0.003    3.313   -3.273   -1.884    1.961 
4287.069   -2.445    2.402    2.950   -2.983    0.169   -0.203   -0.084    0.052 
4290.278    2.661   -2.687    2.188   -2.170    0.599   -0.657    1.578   -1.531 
4303.532   -1.269    1.239   -1.070    1.073    1.818   -1.868    2.946   -2.926 
4279.996   -0.748    0.700    0.544   -0.603   -2.942    2.887    2.265   -2.337 
4284.989   -2.456    2.417    2.800   -2.823    0.802   -0.830   -0.448    0.432 
4296.333   -2.196    2.256   -1.861    1.806   -1.423    1.482   -2.109    2.057 
4304.743    1.805   -1.831    1.780   -1.752   -1.828    1.869   -2.228    2.196 
4280.026   -1.885    1.954    0.367   -0.370    1.530   -1.456   -2.938    2.931 
4290.246    2.713   -2.710    0.144   -0.049    2.691   -2.675   -0.345    0.447 
4295.921   -1.102    1.029    3.048   -3.044    1.181   -1.254    1.695   -1.693 
4310.191   -1.592    1.598   -2.309    2.321    1.961   -1.949    1.749   -1.747 
4281.225   -1.077    1.092   -1.439    1.363   -3.072    3.073    1.413   -1.473 
4286.992   -3.566    3.571    1.233   -1.259    0.611   -0.635   -0.163    0.155 
4291.381   -0.661    0.706   -2.260    2.269   -0.090    0.195   -3.037    2.999 
4304.859   -0.541    0.559   -2.448    2.489    2.208   -2.196    1.893   -1.851 
4273.188   -2.120    2.039    2.995   -3.030    1.022   -1.094   -0.312    0.280 
4285.227   -2.768    2.791   -1.303    1.217   -2.111    2.148   -0.955    0.868 
4293.768    0.373   -0.433    1.365   -1.409   -2.483    2.419    2.565   -2.596 
4306.443    1.582   -1.551    1.424   -1.441   -1.745    1.752   -2.676    2.688 
4276.627   -0.396    0.467   -3.059    3.015   -1.872    1.942   -1.267    1.239 
4281.641    1.868   -1.902   -1.126    1.147   -0.642    0.635    3.075   -3.064 
4294.615    2.125   -2.085   -1.364    1.443    2.617   -2.571   -1.240    1.308 
4302.716    2.578   -2.546    1.459   -1.485   -2.003    1.966   -1.409    1.458 
4281.388   -2.510    2.459    2.890   -2.923   -0.231    0.197    0.040   -0.084 
4286.009   -0.400    0.388   -0.652    0.606   -3.507    3.505    1.333   -1.395 
4291.901    2.520   -2.585    2.169   -2.118    0.043   -0.093    1.918   -1.884 
4304.754   -1.369    1.356   -1.124    1.107    1.510   -1.560    3.056   -3.041 
4283.714    1.622   -1.556   -2.337    2.354    2.232   -2.216   -1.265    1.333 
4288.660    1.620   -1.610   -2.021    2.013   -2.343    2.348    1.593   -1.607 
4295.343    2.585   -2.631    2.019   -1.964    1.158   -1.203    1.637   -1.583 
4304.230   -1.675    1.669   -1.093    1.062    1.660   -1.726    2.825   -2.802 
4286.836   -1.715    1.762    0.283   -0.274    1.642   -1.579   -3.005    3.002 
4293.568   -2.162    2.173   -1.964    1.912   -2.477    2.510   -0.302    0.216 
4294.857   -2.139    2.080    2.906   -2.955   -0.598    0.533    1.162   -1.208 
4309.661   -1.614    1.593   -1.513    1.542    2.369   -2.378    2.065   -2.053 
4285.879    0.697   -0.697   -2.137    2.103   -2.571    2.569    1.752   -1.788 
4288.815    0.248   -0.164   -2.843    2.858    0.755   -0.675   -2.446    2.466 
4295.265    2.598   -2.611   -0.557    0.629    2.264   -2.280    1.606   -1.531 
4308.457    2.739   -2.731    1.328   -1.311   -1.561    1.570   -1.752    1.772 
4279.194    0.601   -0.551   -2.661    2.616   -2.679    2.729    0.212   -0.243 
4286.542    3.290   -3.293   -0.509    0.586    1.339   -1.346    1.366   -1.289 
4293.140    0.134   -0.206    2.209   -2.242   -1.971    1.895    2.442   -2.465 
4306.071    1.892   -1.858    1.570   -1.576   -1.355    1.353   -2.619    2.645 
4272.288    1.534   -1.450   -3.362    3.396   -0.938    1.002    0.136   -0.102 
4284.270   -2.139    2.145   -0.175    0.089   -2.973    2.980   -1.133    1.059 
4288.493    1.216   -1.274    1.207   -1.213   -2.001    1.953    2.788   -2.795 
4303.297    2.539   -2.495    1.316   -1.300   -0.981    0.985   -2.364    2.420 
4278.868   -0.833    0.772    3.629   -3.625    0.858   -0.920    0.241   -0.233 
4282.930    0.198   -0.242    0.252   -0.284   -1.833    1.773    3.353   -3.374 
4293.156    3.047   -3.050    0.124   -0.054    2.123   -2.145    0.982   -0.899 
4303.336    2.182   -2.179    1.184   -1.188   -2.466    2.488   -1.572    1.549 
4290.421   -3.130    3.149    0.223   -0.250    0.373   -0.333   -2.196    2.139 
4294.052   -0.457    0.484   -3.112    3.095   -2.190    2.238   -0.031   -0.014 
4295.627   -1.530    1.471    1.809   -1.860   -2.288    2.238    1.977   -2.033 
4309.174    1.565   -1.536    1.290   -1.311   -2.137    2.164   -2.466    2.455 
4268.491    0.080   -0.024   -2.981    2.925   -2.388    2.441   -0.182    0.149 
4284.498    0.740   -0.703   -2.264    2.327    2.905   -2.848   -0.755    0.795 
4288.948    2.095   -2.145   -0.231    0.267    0.110   -0.139    3.195   -3.176 
4304.100    3.139   -3.106    0.755   -0.736   -0.712    0.709   -1.957    2.017 
4279.410   -0.429    0.475   -3.537    3.543   -0.487    0.562   -1.288    1.265 
4283.461    1.987   -2.013   -1.207    1.223   -0.732    0.699    2.966   -2.937 
4293.852    2.876   -2.830   -0.117    0.167    2.100   -2.086   -1.443    1.524 
4304.774    1.558   -1.529    0.765   -0.802   -3.094    3.106   -1.474    1.459 
4277.735   -0.358    0.315    0.153   -0.210   -3.041    2.991    2.285   -2.357 
4281.841   -1.804    1.740    3.350   -3.359    0.490   -0.534    0.130   -0.147 
4295.008    2.346   -2.393    0.934   -0.875    1.596   -1.652    2.415   -2.355 
4303.748    2.409   -2.437    1.626   -1.584   -1.617    1.653   -1.908    1.892 
4288.883   -0.188    0.200    1.986   -1.960    2.870   -2.870   -1.579    1.627 
4290.166    0.119   -0.061   -3.103    3.140    1.095   -1.019   -1.950    1.969 
4293.969    3.467   -3.454   -0.269    0.309    1.094   -1.116    1.250   -1.177 
4306.855    1.670   -1.632    0.988   -1.002   -2.023    2.058   -2.628    2.618 
4276.026   -1.423    1.365    3.197   -3.182    1.541   -1.593   -0.252    0.265 
4281.376   -1.643    1.611    0.868   -0.938   -3.083    3.060    1.286   -1.365 
4290.767   -2.878    2.937   -1.568    1.520    0.267   -0.217   -1.972    1.939 
4302.910   -1.287    1.281   -1.133    1.120    1.621   -1.674    3.031   -3.003 
4278.029   -1.192    1.250    0.143   -0.141    1.420   -1.349   -3.351    3.348 
4286.378   -3.127    3.092    1.797   -1.867   -1.051    1.010    0.747   -0.814 
4294.147   -0.810    0.863   -2.552    2.497   -2.603    2.651   -0.915    0.855 
4305.674   -1.672    1.701   -2.240    2.233    2.203   -2.206    1.440   -1.416 
4282.405   -2.974    2.921    2.201   -2.267   -0.997    0.959    0.133   -0.197 
4286.839   -0.600    0.608    0.813   -0.788    3.383   -3.372   -1.498    1.534 
4294.164   -1.072    1.145   -1.755    1.719   -1.120    1.170   -3.036    3.026 
4304.363   -2.088    2.117   -2.486    2.445    1.006   -1.009    1.790   -1.802 
4282.763   -0.180    0.175   -0.579    0.522   -3.029    3.004    2.275   -2.309 
4289.561    0.349   -0.400    1.548   -1.511    1.883   -1.956    2.949   -2.896 
4293.330   -3.387    3.388    1.732   -1.789   -0.339    0.312   -0.293    0.259 
4307.012    1.735   -1.787    3.013   -3.000   -1.356    1.328   -0.912    0.903 
4276.660   -3.405    3.417    0.827   -0.886    0.092   -0.077   -1.539    1.473 
4288.276    1.149   -1.079   -1.232    1.269    1.413   -1.341   -3.148    3.179 
4293.359    0.647   -0.697    2.844   -2.798    2.487   -2.533    0.236   -0.189 
4306.111   -1.141    1.154   -2.110    2.130    2.563   -2.560    1.556   -1.531 
4274.170   -0.421    0.455   -1.054    0.992   -3.584    3.582   -0.734    0.715 
4281.579   -0.897    0.966   -0.603    0.592    1.019   -0.986   -3.516    3.538 
4286.904   -1.350    1.307    3.483   -3.497   -0.755    0.718   -0.462    0.441 
4302.738    3.463   -3.450    1.067   -1.030   -0.475    0.463   -1.186    1.254 
4287.766    1.152   -1.194    0.601   -0.606   -0.768    0.699    3.539   -3.514 
4290.675    0.771   -0.736   -3.386    3.381   -1.625    1.678   -0.020    0.001 
4292.708    3.376   -3.370   -0.028    0.092    1.669   -1.654   -0.736    0.794 
4306.364   -1.184    1.187   -1.687    1.729    2.965   -2.952    1.314   -1.283 
4272.674    0.087   -0.056   -3.704    3.719   -0.842    0.914   -0.215    0.189 
4277.841    3.787   -3.755   -0.067    0.095    0.625   -0.626    0.009    0.047 
4287.390    0.413   -0.438    0.391   -0.438   -2.433    2.384    2.913   -2.937 
4302.365   -0.467    0.450   -0.777    0.815    2.762   -2.812    2.508   -2.444 
4278.560    0.234   -0.200   -2.917    2.863   -2.404    2.453    0.568   -0.623 
4288.382   -0.431    0.503   -1.837    1.864    1.472   -1.384   -2.995    3.015 
4295.149    2.930   -2.924   -1.103    1.173    1.891   -1.893    1.186   -1.109 
4307.457    2.452   -2.424    1.261   -1.268   -1.780    1.789   -2.002    2.015 
4289.423   -2.165    2.227   -1.115    1.065   -0.905    0.955   -2.822    2.778 
4290.707   -1.091    1.067    2.699   -2.676    2.314   -2.337   -0.971    0.983 
4295.729    1.628   -1.578   -1.997    2.042    2.543   -2.511   -1.281    1.341 
4307.014    2.503   -2.479    1.503   -1.494   -1.442    1.441   -2.037    2.075 
4276.912   -0.280    0.227    3.780   -3.765   -0.023   -0.010    0.569   -0.575 
4287.840    1.103   -1.136   -0.352    0.346   -2.419    2.402    2.738   -2.756 
4290.318    2.700   -2.695    0.040    0.000    2.476   -2.520    1.140   -1.054 
4302.072    2.501   -2.457    0.521   -0.509   -1.611    1.654   -2.370    2.386 
4274.282   -2.280    2.224    3.034   -3.075   -0.238    0.194    0.390   -0.429 
4279.029    1.141   -1.187    0.303   -0.307   -1.396    1.328    3.374   -3.364 
4286.189    2.681   -2.708    2.195   -2.134    1.570   -1.583   -0.461    0.518 
4300.801    0.977   -0.983    0.713   -0.727   -3.197    3.238   -1.733    1.672 
4288.437    3.156   -3.168   -0.907    0.945   -0.508    0.487    1.930   -1.879 
4293.425   -1.583    1.557   -0.198    0.130   -3.052    3.025    1.707   -1.773 
4296.381    0.227   -0.152   -3.033    3.020   -1.086    1.163   -2.085    2.066 
4309.486   -1.490    1.493   -2.171    2.181    2.004   -2.005    1.953   -1.943 
4280.096   -3.000    3.041    0.963   -1.034    0.300   -0.267   -2.150    2.070 
4291.048   -1.255    1.195    1.229   -1.279   -2.804    2.762    1.947   -2.007 
4294.199    0.105   -0.184    2.826   -2.788    2.173   -2.237    1.429   -1.392 
4308.598    2.006   -2.015    2.087   -2.063   -1.425    1.439   -2.088    2.092 
4272.232   -3.324    3.301    1.728   -1.807   -0.389    0.381   -0.629    0.548 
4279.752    0.143   -0.193    0.299   -0.316   -3.201    3.173    2.068   -2.112 
4292.007    0.717   -0.805    2.550   -2.509    1.682   -1.761    2.211   -2.166 
4302.317    1.728   -1.759    2.278   -2.233   -1.160    1.200   -2.292    2.271 
4287.808   -0.353    0.310    2.989   -2.946    2.362   -2.424   -0.251    0.295 
4288.563    2.539   -2.557   -0.823    0.885    1.158   -1.097   -2.496    2.479 
4294.135   -2.709    2.747   -0.503    0.469   -0.045    0.097   -2.685    2.636 
4307.231   -0.803    0.834   -2.209    2.246    2.791   -2.780    1.200   -1.147 
4272.526   -2.587    2.552    2.665   -2.733    0.273   -0.352    0.779   -0.784 
4281.223    0.897   -0.910   -0.148    0.155   -0.558    0.507    3.705   -3.654 
4285.074   -2.500    2.559   -2.327    2.264   -1.693    1.723    0.261   -0.292 
4302.376   -0.888    0.910   -1.411    1.461    3.398   -3.374    0.665   -0.620 
4283.679   -2.752    2.728    2.443   -2.495   -0.167    0.099    1.023   -1.027 
4288.155   -0.190    0.211   -1.367    1.307   -2.757    2.742    2.296   -2.322 
4296.147   -2.320    2.386   -1.723    1.663   -0.928    0.992   -2.359    2.306 
4306.106   -1.249    1.297   -1.994    1.992    2.490   -2.509    1.736   -1.674 
4283.685   -0.630    0.562    3.517   -3.485   -1.146    1.145    0.834   -0.870 
4290.895    0.917   -0.935   -1.278    1.271   -2.832    2.845    2.037   -2.068 
4292.745    2.689   -2.712    0.661   -0.620    1.887   -1.945    1.872   -1.797 
4305.056    2.519   -2.482    0.624   -0.594   -1.269    1.318   -2.531    2.551 
4273.260   -3.038    3.074    1.420   -1.483    0.243   -0.215   -1.804    1.724 
4282.250    0.425   -0.525    3.307   -3.283    0.027   -0.109    1.901   -1.878 
4292.272   -1.777    1.761   -0.887    0.824   -2.608    2.589    2.000   -2.061 
4305.792    1.400   -1.390    0.977   -0.987   -2.806    2.837   -1.988    1.954 
4276.481    0.041   -0.107    0.605   -0.613   -2.747    2.714    2.581   -2.632 
4285.914   -2.745    2.733    2.099   -2.131   -0.892    0.925   -1.412    1.339 
4292.960   -0.025    0.090   -2.360    2.324   -2.324    2.394   -1.944    1.896 
4303.864    2.668   -2.707    2.134   -2.059   -0.884    0.922   -1.514    1.520 
4267.143   -1.094    1.012    3.473   -3.440    1.181   -1.271   -0.018    0.039 
4285.810   -3.421    3.451   -0.623    0.534   -1.312    1.344   -0.922    0.846 
4287.726   -0.208    0.162    0.639   -0.681   -1.976    1.925    3.214   -3.248 
4303.705    1.316   -1.316    1.353   -1.375   -2.753    2.779   -1.890    1.850 
4283.194    2.050   -1.991   -3.204    3.236   -0.321    0.360    0.363   -0.324 
4284.374   -0.658    0.730   -0.875    0.864    0.489   -0.436   -3.632    3.643 
4293.347    1.585   -1.598    0.676   -0.599    3.441   -3.429    0.006    0.049 
4304.714   -2.756    2.775   -1.795    1.761    1.620   -1.609    1.138   -1.167 
4273.678   -3.002    2.963    2.272   -2.322    0.222   -0.250   -0.659    0.599 
4282.463    2.000   -2.062    2.877   -2.831    0.981   -1.047    1.192   -1.138 
4295.184   -0.506    0.457    0.321   -0.369   -2.888    2.848    2.464   -2.511 
4305.839   -1.191    1.158   -1.039    1.063    2.324   -2.346    2.616   -2.607 
4276.271   -0.259    0.218    2.712   -2.640    2.595   -2.651   -0.698    0.755 
4282.890   -0.920    0.997   -1.215    1.202    0.222   -0.141   -3.507    3.496 
4294.216   -2.819    2.798    1.676   -1.752   -1.996    1.964    0.039   -0.109 
4305.387    2.429   -2.428    1.760   -1.769   -1.973    1.954   -1.364    1.378 
4291.153    1.736   -1.775    1.020   -0.944    3.036   -3.048    1.217   -1.169 
4291.773   -2.277    2.293    1.318   -1.326    1.753   -1.741   -2.182    2.174 
4296.800    1.439   -1.363   -2.572    2.598    0.955   -0.897   -2.273    2.317 
4308.368    2.118   -2.122    2.326   -2.315   -1.261    1.241   -1.807    1.840 
4276.341   -3.447    3.473    0.299   -0.367   -1.069    1.099   -1.214    1.126 
4279.479    0.723   -0.737   -0.576    0.550   -3.575    3.581    0.985   -1.019 
4294.858   -0.504    0.417    3.118   -3.102    0.005   -0.069    2.204   -2.209 
4304.443    1.395   -1.377    2.166   -2.150   -0.804    0.823   -2.736    2.745 
4284.890   -0.269    0.205    3.568   -3.540    1.227   -1.283    0.657   -0.645 
4286.468    2.580   -2.620   -0.289    0.323   -0.126    0.090    2.821   -2.780 
4293.449   -1.538    1.502    0.734   -0.785   -3.162    3.151    1.340   -1.411 
4304.149    2.384   -2.352    1.176   -1.173   -1.779    1.791   -2.122    2.151 
4276.244    1.881   -1.811   -3.338    3.360   -0.079    0.120    0.009    0.029 
4288.601   -2.643    2.697   -1.487    1.437    0.044    0.003   -2.354    2.314 
4293.782   -1.474    1.449   -0.759    0.706   -2.766    2.757    2.078   -2.144 
4305.408   -1.432    1.415   -0.866    0.865    2.651   -2.692    2.212   -2.190 
4278.565    0.060   -0.060    0.871   -0.811    3.538   -3.525   -1.187    1.238 
4285.034   -1.877    1.804    3.156   -3.177   -0.380    0.322    1.056   -1.090 
4290.737   -1.828    1.870   -0.127    0.083   -1.016    1.058   -3.213    3.181 
4303.068   -2.803    2.832   -2.013    1.965    0.986   -0.988    1.357   -1.376 
4283.168    2.984   -2.974   -1.607    1.654   -0.416    0.417    1.752   -1.705 
4287.707    0.885   -0.806   -1.924    1.954    0.786   -0.705   -3.098    3.123 
4294.358    1.778   -1.809    2.319   -2.256    2.474   -2.501   -0.310    0.373 
4307.415   -1.371    1.380   -1.745    1.765    2.805   -2.805    1.400   -1.377 
4283.381   -1.820    1.780    0.602   -0.654   -1.979    1.913    2.674   -2.707 
4286.788    2.612   -2.610    2.416   -2.438    0.230   -0.291    1.395   -1.354 
4288.171   -2.092    2.075    2.736   -2.758    1.237   -1.255   -1.138    1.135 
4302.893    0.523   -0.520    0.903   -0.942   -3.038    3.074   -2.104    2.034 
4284.143    2.505   -2.461   -0.534    0.594    2.593   -2.569   -1.197    1.276 
4285.611   -2.245    2.227    2.038   -2.043    2.003   -2.017   -1.226    1.231 
4289.445    1.642   -1.677    2.974   -2.984   -0.145    0.073    1.760   -1.736 
4303.198   -0.882    0.859   -1.150    1.164    1.973   -2.021    2.961   -2.924 
4280.399   -2.444    2.399    2.854   -2.896    0.370   -0.403   -0.650    0.602 
4288.298   -2.007    2.081   -2.198    2.155   -0.399    0.467   -2.389    2.344 
4294.916   -1.388    1.356   -0.354    0.294   -2.955    2.937    1.991   -2.057 
4306.961   -1.675    1.657   -1.249    1.257    2.389   -2.410    2.161   -2.155 
4269.990   -3.101    3.066    1.997   -2.058    0.067   -0.078   -1.022    0.939 
4280.668    1.496   -1.575    3.028   -2.985    1.019   -1.089    1.484   -1.437 
4290.754   -0.335    0.292    0.465   -0.504   -3.371    3.357    1.729   -1.779 
4302.235    1.651   -1.602    1.112   -1.115   -1.495    1.526   -2.917    2.934 
4277.938   -2.521    2.484    2.759   -2.775    0.828   -0.885   -0.030    0.029 
4282.088   -2.679    2.714   -1.853    1.779   -1.992    2.028    0.168   -0.233 
4291.147    0.801   -0.844    1.411   -1.440   -2.152    2.090    2.737   -2.749 
4304.094    0.661   -0.657    1.283   -1.306   -2.315    2.353   -2.708    2.655 
4282.918   -3.425    3.440    1.007   -1.064   -0.186    0.208   -1.376    1.301 
4287.386   -0.335    0.307   -0.011   -0.023   -3.569    3.571    1.334   -1.393 
4294.899    0.168   -0.256    3.286   -3.253    0.674   -0.738    1.884   -1.867 
4306.939    1.667   -1.655    1.740   -1.716   -1.172    1.212   -2.758    2.755 
4277.899    1.331   -1.404    0.842   -0.819    0.055   -0.115    3.483   -3.465 
4279.849    0.100   -0.078   -2.543    2.495   -2.797    2.825    0.620   -0.660 
4292.146    2.051   -2.018   -2.381    2.449    2.188   -2.139   -0.249    0.306 
4301.949    2.967   -2.941    1.346   -1.351   -1.458    1.436   -1.421    1.470 
4286.909    0.521   -0.584    1.816   -1.753    2.998   -2.997    1.484   -1.490 
4291.006   -2.546    2.533    2.266   -2.307   -0.033    0.004   -1.762    1.740 
4295.117   -0.308    0.238    1.660   -1.691   -2.271    2.218    2.592   -2.638 
4306.887    2.822   -2.814    1.888   -1.864   -0.839    0.809   -1.586    1.651 
4271.044    0.125   -0.112    0.658   -0.593    3.576   -3.560   -1.170    1.244 
4283.222   -2.634    2.584    2.759   -2.800   -0.343    0.298    0.202   -0.245 
4290.653    2.039   -2.110    1.812   -1.771    0.473   -0.543    2.654   -2.621 
4301.662    1.890   -1.895    1.849   -1.823   -1.214    1.240   -2.503    2.502 
4279.842    0.224   -0.225    0.911   -0.848    3.635   -3.631   -0.771    0.826 
4285.739   -3.130    3.158    0.220   -0.267   -0.319    0.350   -2.183    2.129 
4293.543   -1.430    1.351    2.701   -2.716   -0.090    0.020    2.326   -2.353 
4304.223    1.686   -1.685    2.568   -2.566   -1.164    1.152   -1.982    2.003 
4280.005    0.940   -1.006   -0.071    0.063   -2.019    1.966    3.114   -3.129 
4288.891   -1.636    1.675   -0.746    0.677   -3.035    3.082   -1.491    1.409 
4294.062   -1.941    1.883    3.262   -3.277   -0.048    0.009    0.624   -0.661 
4307.080   -2.721    2.729   -1.902    1.869    1.166   -1.173    1.540   -1.569 
4288.866   -1.900    1.832    3.268   -3.283   -0.682    0.652    0.214   -0.260 
4291.623    0.275   -0.283    0.969   -0.927    3.677   -3.683   -0.447    0.486 
4293.811   -1.670    1.736   -0.764    0.726   -0.083    0.118   -3.360    3.359 
4307.212    2.886   -2.883    1.616   -1.568   -0.846    0.853   -1.763    1.809 
4277.561   -0.123    0.114    1.608   -1.534    3.352   -3.357   -0.922    0.987 
4289.496   -2.907    2.951   -0.334    0.283   -0.608    0.654   -2.403    2.352 
4292.258    1.528   -1.452   -2.935    2.971    0.991   -0.909   -1.680    1.721 
4306.465    1.990   -1.973    1.855   -1.856   -1.451    1.448   -2.287    2.310 
4272.067   -0.520    0.546   -0.537    0.486   -3.686    3.687   -0.669    0.654 
4283.725   -0.868    0.952   -1.825    1.795    0.956   -0.929   -3.098    3.125 
4285.725   -1.654    1.631    3.187   -3.182    0.040   -0.056   -1.368    1.356 
4300.984    3.320   -3.296    1.017   -0.978   -0.317    0.309   -1.606    1.681 
4288.493   -1.085    1.038    3.419   -3.412    1.359   -1.416   -0.096    0.108 
4292.362   -1.232    1.286   -0.849    0.848    0.917   -0.852   -3.421    3.409 
4295.974    3.057   -3.054    0.051    0.027    2.268   -2.262   -0.506    0.579 
4308.865    1.647   -1.646    1.518   -1.539   -2.633    2.637   -1.678    1.657 
4275.933   -0.238    0.257    0.907   -0.849    3.471   -3.455   -1.315    1.372 
4280.157   -2.788    2.838   -0.578    0.529   -0.942    0.992   -2.372    2.315 
4291.360   -1.774    1.699    3.057   -3.072   -0.349    0.292    1.468   -1.511 
4300.785    1.938   -1.906    2.060   -2.063   -1.264    1.260   -2.254    2.294 
4289.254   -0.438    0.415    0.238   -0.275   -1.511    1.445    3.508   -3.500 
4289.668   -3.621    3.648   -0.287    0.237   -0.880    0.896   -0.827    0.779 
4292.236    0.845   -0.814   -3.134    3.128   -1.970    2.028   -0.525    0.493 
4306.270   -0.783    0.796   -2.168    2.220    2.805   -2.780    1.254   -1.216 
4273.159   -1.716    1.644    2.570   -2.620   -0.749    0.674    2.109   -2.145 
4277.567   -1.370    1.362    1.786   -1.794    1.075   -1.053   -2.911    2.901 
4292.382    2.090   -2.129    1.440   -1.365    2.739   -2.757    0.906   -0.849 
4299.429   -2.334    2.379   -1.670    1.637    2.347   -2.357    0.952   -0.927 
4276.999    2.028   -2.118   -0.083    0.150    0.365   -0.396    3.203   -3.171 
4290.351   -0.623    0.589    2.023   -1.983    3.223   -3.210    0.074   -0.078 
4291.558   -1.917    1.860    2.305   -2.353   -1.865    1.814    1.506   -1.562 
4305.175    2.533   -2.560    2.322   -2.283   -0.925    0.898   -1.434    1.483 
4283.744   -2.704    2.663    2.281   -2.318    1.124   -1.159   -0.970    0.930 
4286.312   -1.807    1.858   -1.537    1.461   -2.569    2.595   -1.575    1.530 
4295.127   -0.725    0.655    1.360   -1.410   -2.071    2.006    2.841   -2.889 
4306.073    1.919   -1.910    2.286   -2.305   -1.631    1.588   -1.775    1.813 
4272.730   -3.248    3.200    1.761   -1.842    0.180   -0.214   -0.996    0.923 
4287.016    0.487   -0.583    2.425   -2.422    0.492   -0.580    2.876   -2.868 
4292.297   -1.492    1.479   -1.386    1.327   -2.653    2.647    1.885   -1.948 
4306.445   -1.318    1.320   -1.912    1.951    2.736   -2.713    1.370   -1.361 
4275.108   -1.594    1.666   -2.027    1.985   -0.987    1.055   -2.644    2.602 
4279.778   -1.148    1.157    2.623   -2.614    1.648   -1.665   -1.928    1.938 
4292.771    1.778   -1.743   -1.650    1.714    2.842   -2.807   -0.877    0.942 
4300.323    2.788   -2.736    0.960   -0.978   -1.722    1.705   -1.761    1.820 
4280.291   -2.279    2.350    0.388   -0.432    0.808   -0.742   -2.950    2.891 
4292.871    2.411   -2.372   -1.401    1.475    2.171   -2.126   -1.490    1.565 
4295.620    0.112   -0.174    2.873   -2.831    2.373   -2.432    0.942   -0.894 
4310.143   -1.894    1.910   -2.102    2.094    1.941   -1.944    1.732   -1.723 
4278.525   -0.265    0.309   -0.046    0.071    1.672   -1.613   -3.439    3.452 
4289.243   -0.752    0.793   -1.504    1.443   -3.134    3.176   -1.442    1.380 
4292.137   -3.069    3.041    2.275   -2.326   -0.363    0.327    0.026   -0.066 
4305.388   -2.156    2.196   -2.711    2.693    1.401   -1.381    0.886   -0.886 
4286.132   -3.274    3.312   -0.918    0.865   -1.121    1.156   -1.350    1.294 
4289.522    1.570   -1.547   -2.855    2.849   -2.007    2.055   -0.214    0.194 
4289.873   -0.962    0.947    0.194   -0.231   -1.414    1.358    3.443   -3.436 
4304.470   -0.697    0.709   -2.373    2.429    2.740   -2.703    1.053   -1.028 
4278.667    0.435   -0.434   -1.966    1.911   -2.783    2.775    1.703   -1.757 
4284.066    0.480   -0.391   -2.960    2.978    0.771   -0.681   -2.255    2.282 
4293.404    2.382   -2.401   -0.648    0.716    2.097   -2.120    2.062   -1.993 
4306.708    2.947   -2.947    1.293   -1.268   -1.407    1.415   -1.555    1.576 
4283.263   -2.585    2.622   -0.055    0.046    0.672   -0.618   -2.750    2.724 
4287.618    1.589   -1.581    1.690   -1.629    2.950   -2.956   -0.808    0.886 
4293.041   -2.088    2.023    2.561   -2.591    0.184   -0.255    1.941   -1.972 
4305.445   -1.092    1.077   -2.289    2.339    2.371   -2.340    1.636   -1.631 
4284.654   -0.629    0.573    3.595   -3.572    1.188   -1.231    0.166   -0.159 
4288.457   -0.528    0.489    0.977   -1.010   -3.398    3.394    1.357   -1.418 
4293.062    2.657   -2.697    0.109   -0.064    0.686   -0.730    2.686   -2.634 
4306.518    2.657   -2.629    0.930   -0.904   -1.084    1.112   -2.380    2.409 
4279.208   -2.598    2.629    0.245   -0.236    1.755   -1.695   -2.198    2.179 
4281.739    2.298   -2.276    0.753   -0.685    2.969   -2.968   -0.264    0.366 
4295.006    1.087   -1.021   -3.215    3.244   -0.179    0.260   -1.773    1.788 
4305.399    1.241   -1.199    1.920   -1.953   -1.679    1.691   -2.582    2.584 
4281.524   -1.991    2.044    0.483   -0.495    1.548   -1.487   -2.850    2.831 
4288.733    2.813   -2.789   -0.723    0.809    2.367   -2.337   -0.819    0.908 
4295.365    0.343   -0.273   -2.839    2.813   -1.886    1.958   -1.744    1.711 
4308.612    1.634   -1.652    2.445   -2.440   -1.790    1.788   -1.710    1.698 
4283.744   -2.489    2.443    2.382   -2.391   -1.682    1.705   -0.192    0.114 
4288.109    1.730   -1.761   -0.115    0.134   -2.862    2.875    1.842   -1.858 
4290.399    1.498   -1.563    2.862   -2.798    1.620   -1.670    1.312   -1.265 
4304.836    1.818   -1.781    0.999   -0.969   -0.915    0.966   -3.100    3.117 
4282.456   -2.817    2.807    2.169   -2.216    0.452   -0.457   -1.356    1.303 
4288.861    0.426   -0.518    2.455   -2.451   -0.616    0.528    2.858   -2.849 
4293.982    1.994   -2.005    1.437   -1.363    2.799   -2.803   -0.936    1.010 
4307.952   -1.605    1.605   -1.385    1.390    2.519   -2.539    1.979   -1.955 
4280.605   -0.581    0.530    3.362   -3.333    1.733   -1.786   -0.241    0.266 
4287.538   -0.250    0.318   -1.219    1.245    1.844   -1.775   -3.123    3.151 
4294.810   -2.425    2.436    0.734   -0.810   -2.444    2.456   -1.535    1.461 
4307.824    2.918   -2.911    1.172   -1.153   -1.530    1.537   -1.594    1.615 
4270.290   -1.189    1.198   -1.849    1.796   -3.111    3.156   -0.165    0.090 
4278.263    3.444   -3.422   -0.432    0.429   -1.119    1.102    1.224   -1.176 
4288.602    0.553   -0.516   -3.183    3.241    1.748   -1.671   -1.070    1.091 
4301.678    1.099   -1.031    0.904   -0.929   -0.786    0.805   -3.473    3.495 
4287.373   -0.227    0.212    1.905   -1.868    3.235   -3.261   -0.729    0.777 
4288.602   -1.498    1.436    3.021   -3.040   -1.703    1.676    0.689   -0.741 
4295.587   -2.853    2.901   -0.963    0.917   -0.169    0.215   -2.383    2.337 
4308.199    2.084   -2.058    1.052   -1.029   -1.104    1.142   -2.848    2.860 