  frez       Ax       Bx       By       Cy       Cx      Dx        Dy       Ay
4287.001   -1.181    1.227    0.105   -0.108    1.179   -1.138   -3.446    3.457 
4290.950   -2.932    2.922    0.824   -0.906   -2.325    2.296    0.239   -0.303 
4292.441    1.127   -1.073   -2.439    2.418   -2.432    2.470   -1.277    1.273 
4306.756    1.856   -1.892    2.856   -2.844   -1.445    1.414   -1.037    1.047 
4287.995    0.334   -0.351   -0.907    0.863   -3.121    3.101    2.015   -2.059 
4294.515   -1.140    1.063    3.131   -3.141    0.204   -0.278    1.905   -1.918 
4295.416    2.743   -2.764   -0.360    0.426    1.714   -1.741    2.045   -1.976 
4309.678    2.418   -2.428    2.009   -1.990   -1.415    1.417   -1.699    1.710 
4281.090    0.267   -0.204   -2.343    2.266   -3.021    3.047   -0.301    0.280 
4289.891   -0.947    1.006   -0.288    0.277    0.511   -0.481   -3.653    3.679 
4291.840   -2.436    2.397    2.236   -2.297   -1.952    1.900    0.185   -0.231 
4306.157   -2.801    2.827   -2.063    2.029    1.243   -1.215    1.047   -1.087 
4280.790    1.200   -1.272   -0.066    0.072   -1.747    1.687    3.192   -3.192 
4290.873   -2.280    2.289    0.410   -0.481   -2.956    2.980   -0.750    0.653 
4293.580   -1.130    1.061    3.354   -3.341    1.064   -1.118    1.077   -1.079 
4307.840   -2.605    2.615   -1.848    1.810    1.322   -1.336    1.676   -1.695 
4280.832   -3.270    3.297   -0.007   -0.066   -1.131    1.149   -1.640    1.569 
4283.663   -0.854    0.834    1.663   -1.621    3.302   -3.308   -0.590    0.607 
4295.343    1.016   -0.934   -2.356    2.385    0.975   -0.901   -2.686    2.720 
4305.168   -1.500    1.486   -2.529    2.546    1.272   -1.240    2.107   -2.136 
4279.159   -0.792    0.857   -0.330    0.313    0.204   -0.167   -3.712    3.725 
4286.843   -0.020   -0.011    1.674   -1.618    3.468   -3.458    0.035   -0.016 
4289.721   -2.480    2.438    2.621   -2.679   -1.284    1.236    0.227   -0.278 
4304.230    2.817   -2.850    2.231   -2.196   -1.050    1.023   -0.845    0.883 
4283.723    3.612   -3.608   -0.773    0.826    0.194   -0.200    1.021   -0.957 
4289.009    0.389   -0.388    1.283   -1.230    3.432   -3.434   -1.074    1.131 
4295.358    0.049    0.028   -2.930    2.939    0.323   -0.240   -2.463    2.464 
4306.984   -1.231    1.217   -1.977    1.989    1.674   -1.685    2.556   -2.548 
4278.972   -0.029    0.062   -3.487    3.480   -1.548    1.615   -0.127    0.092 
4286.218    3.676   -3.657   -0.358    0.398    0.652   -0.664    0.861   -0.790 
4292.190   -0.225    0.261   -1.280    1.337    3.058   -3.010   -1.918    1.960 
4306.583   -1.115    1.066   -0.801    0.824    1.591   -1.625    3.218   -3.212 
4287.128    1.165   -1.120   -3.556    3.574   -0.802    0.857   -0.106    0.109 
4288.562   -2.941    2.961   -0.875    0.856    0.000    0.052   -2.318    2.268 
4293.370   -1.846    1.800   -0.135    0.085   -2.373    2.339    2.388   -2.452 
4306.959    1.184   -1.163    1.090   -1.127   -2.916    2.930   -1.915    1.890 
4281.665   -1.867    1.817    3.288   -3.301    0.639   -0.676   -0.087    0.068 
4284.279   -1.308    1.287   -0.041   -0.017   -3.491    3.489    0.868   -0.944 
4290.020   -2.804    2.850   -1.752    1.718    0.602   -0.558   -1.852    1.822 
4304.691   -1.294    1.263   -0.904    0.896    1.294   -1.342    3.256   -3.248 
4292.440    1.011   -1.022   -1.739    1.713   -2.578    2.565    2.021   -2.048 
4294.473    2.151   -2.191    2.119   -2.093    1.066   -1.135    2.122   -2.068 
4297.847   -2.510    2.454    2.180   -2.241   -1.571    1.517    1.128   -1.192 
4310.817   -1.706    1.677   -1.554    1.581    2.134   -2.138    2.212   -2.215 
4279.127    0.567   -0.528   -2.266    2.212   -2.967    2.982    0.690   -0.722 
4282.784    1.182   -1.106   -2.304    2.334    1.404   -1.338   -2.446    2.492 
4287.993   -1.938    1.960    0.885   -0.939   -1.675    1.680   -2.705    2.679 
4302.551   -3.038    3.074   -1.885    1.832    1.057   -1.047    0.901   -0.925 
4271.207   -0.049    0.077    0.951   -0.874    3.460   -3.411   -1.358    1.438 
4286.333    3.085   -3.121    0.684   -0.644    0.680   -0.731    2.058   -2.006 
4288.612    1.419   -1.350   -3.335    3.372    0.477   -0.397   -1.146    1.183 
4303.569    1.797   -1.757    1.473   -1.482   -1.448    1.461   -2.683    2.712 
4283.597   -3.121    3.114    1.749   -1.819   -0.663    0.607    1.158   -1.174 
4289.810    1.033   -1.043   -0.871    0.854   -1.990    1.949    3.010   -3.003 
4295.814    1.631   -1.695    2.686   -2.633    1.738   -1.793    1.368   -1.321 
4305.884   -1.040    1.081   -1.931    1.941    2.709   -2.720    1.614   -1.556 
4286.664   -2.615    2.580    2.765   -2.813    0.247   -0.303    0.315   -0.336 
4292.204    0.428   -0.460    0.133   -0.153   -1.511    1.451    3.515   -3.510 
4295.245    2.435   -2.487    2.068   -1.997    2.064   -2.099    0.512   -0.457 
4308.307   -1.301    1.325   -1.663    1.683    2.862   -2.862    1.455   -1.415 
4281.705   -0.242    0.291   -0.272    0.297    1.502   -1.431   -3.509    3.525 
4287.042   -2.685    2.647    2.734   -2.773    0.122   -0.162    0.018   -0.049 
4294.633    2.161   -2.205    2.021   -1.949    2.351   -2.385    0.695   -0.629 
4305.672   -1.654    1.681   -1.765    1.769    2.638   -2.646    1.383   -1.349 
4275.612   -3.019    3.051    0.323   -0.368   -0.027    0.059   -2.334    2.270 
4276.770    0.152   -0.093   -3.586    3.574   -1.126    1.198   -0.679    0.661 
4290.972    2.040   -1.986   -0.002    0.050    1.861   -1.828   -2.664    2.727 
4301.871   -1.183    1.162   -1.276    1.329    3.172   -3.151    1.293   -1.287 
4285.341   -1.266    1.198    3.167   -3.151    1.748   -1.807   -0.214    0.218 
4293.047   -1.565    1.629   -0.817    0.785   -0.064    0.114   -3.405    3.392 
4295.615    2.241   -2.211   -0.768    0.857    2.892   -2.860   -0.892    0.970 
4310.015    2.397   -2.398    1.857   -1.850   -1.828    1.811   -1.500    1.523 
4287.045    2.343   -2.381   -0.355    0.392   -0.169    0.144    3.007   -2.984 
4292.219    1.663   -1.588   -2.879    2.889   -0.939    0.996   -1.674    1.700 
4295.169    1.898   -1.892    0.829   -0.753    3.008   -2.992   -1.210    1.275 
4308.040   -1.704    1.716   -2.375    2.393    2.212   -2.174    1.155   -1.168 
4276.063   -1.866    1.800    3.327   -3.343    0.185   -0.238    0.309   -0.328 
4281.922   -0.621    0.601   -0.375    0.318   -3.116    3.094    2.097   -2.161 
4290.378   -3.045    3.093   -1.525    1.468   -0.372    0.417   -1.725    1.681 
4301.326    1.237   -1.240    1.078   -1.069   -2.172    2.231   -2.704    2.657 
4283.995   -0.804    0.799    2.138   -2.102    2.330   -2.327   -2.020    2.051 
4286.968    0.538   -0.453   -2.770    2.782    0.509   -0.418   -2.549    2.562 
4295.362    2.716   -2.730   -0.276    0.356    2.349   -2.366    1.339   -1.259 
4307.867   -2.541    2.549   -1.558    1.542    1.878   -1.885    1.532   -1.533 
4287.790    1.695   -1.703    0.334   -0.253    3.279   -3.251   -1.015    1.060 
4288.618    2.510   -2.548   -0.408    0.443   -0.393    0.371    2.840   -2.820 
4290.768    1.931   -1.889   -1.971    1.977   -1.496    1.541   -2.202    2.206 
4306.421    1.312   -1.358    3.261   -3.259   -1.287    1.242   -0.873    0.874 
4280.491   -3.623    3.621    1.155   -1.206   -0.126    0.112   -0.396    0.354 
4287.723    0.892   -0.949    3.352   -3.332    1.013   -1.085    1.277   -1.241 
4291.712   -0.454    0.434   -0.547    0.510   -1.890    1.844    3.277   -3.287 
4306.008    0.698   -0.702    1.344   -1.387   -3.191    3.192   -1.515    1.470 
4286.464   -0.200    0.188   -0.516    0.468   -3.596    3.587    1.210   -1.262 
4290.065    3.147   -3.163   -0.771    0.825    0.595   -0.613    1.972   -1.918 
4295.272   -1.002    0.921    2.703   -2.701    0.509   -0.575    2.490   -2.504 
4307.109    1.949   -1.964    2.581   -2.556   -1.069    1.065   -1.780    1.797 
4275.917    0.177   -0.236    0.374   -0.393   -2.213    2.169    3.085   -3.127 
4284.821   -0.731    0.667    3.474   -3.448    1.353   -1.398    0.588   -0.580 
4287.955   -1.623    1.627    1.043   -1.084   -2.668    2.707   -1.957    1.886 
4304.605   -3.403    3.412   -1.221    1.170    0.862   -0.875    0.968   -1.001 
4279.064    1.576   -1.513   -2.823    2.832   -2.025    2.072    0.299   -0.288 
4284.701    2.282   -2.256   -0.848    0.943    2.969   -2.939    0.081   -0.002 
4293.680   -1.720    1.788   -1.845    1.834    0.860   -0.796   -2.763    2.752 
4306.252    2.037   -2.014    1.587   -1.578   -1.032    1.034   -2.646    2.677 
4278.691    0.251   -0.211   -1.670    1.597   -3.433    3.454    0.232   -0.272 
4283.895    3.509   -3.494   -1.149    1.223    0.848   -0.824    0.595   -0.537 
4295.339   -0.279    0.361   -1.982    1.982    0.723   -0.653   -3.195    3.209 
4305.790    1.500   -1.516    2.599   -2.593   -1.286    1.258   -2.021    2.039 
4287.122   -2.342    2.287    2.872   -2.908    0.933   -0.989   -0.299    0.275 
4294.925   -0.172    0.121    0.758   -0.793   -1.734    1.670    3.344   -3.362 
4295.879   -2.388    2.427   -1.246    1.161   -2.496    2.524   -1.136    1.066 
4310.541   -1.880    1.899   -2.079    2.086    2.164   -2.150    1.495   -1.485 
4283.598   -2.806    2.855    0.199   -0.228    0.709   -0.655   -2.508    2.457 
4289.651    1.271   -1.276    1.588   -1.524    3.232   -3.246   -0.395    0.474 
4296.595    1.600   -1.530   -2.893    2.932    0.568   -0.490   -1.869    1.902 
4308.733    1.633   -1.607    1.940   -1.966   -1.873    1.868   -2.194    2.200 
4284.652   -0.359    0.369    1.351   -1.300    3.076   -3.056   -1.825    1.871 
4290.900   -0.185    0.100    2.929   -2.925    0.166   -0.249    2.469   -2.470 
4294.889    2.642   -2.645   -1.313    1.379    1.850   -1.852    1.625   -1.559 
4308.783    2.766   -2.766    1.624   -1.601   -1.356    1.356   -1.628    1.649 
4285.026   -2.830    2.868    1.077   -1.127    0.600   -0.564   -2.273    2.212 
4291.233   -1.325    1.255    1.968   -2.001   -2.251    2.209    2.009   -2.063 
4296.181    0.847   -0.909    2.631   -2.575    2.531   -2.587    0.851   -0.791 
4309.134    2.039   -2.046    1.694   -1.665   -1.682    1.718   -2.215    2.205 
4276.679    1.458   -1.386   -3.226    3.240   -1.418    1.489   -0.200    0.212 
4281.691    2.118   -2.163    0.426   -0.369    0.755   -0.781    3.075   -3.034 
4290.365    2.201   -2.176    0.096   -0.017    2.340   -2.306   -2.099    2.155 
4302.052   -1.812    1.816   -1.989    2.030    2.600   -2.547    0.873   -0.885 
4287.341   -2.564    2.612    0.663   -0.703    0.549   -0.505   -2.724    2.669 
4293.351   -0.630    0.547    3.475   -3.460    0.305   -0.365    1.503   -1.506 
4296.251   -1.644    1.637   -0.353    0.289   -3.351    3.361    0.802   -0.881 
4309.756    2.243   -2.235    1.476   -1.458   -1.752    1.776   -2.116    2.125 
4277.201   -1.100    1.164    0.148   -0.122    1.508   -1.434   -3.328    3.358 
4285.652    0.972   -1.005    2.977   -2.943    2.082   -2.134    0.739   -0.682 
4291.585   -3.166    3.121    1.721   -1.784   -1.210    1.165    0.571   -0.646 
4304.126   -1.617    1.595   -1.666    1.714    2.602   -2.576    1.612   -1.612 
4275.742    1.438   -1.390   -1.258    1.297    3.069   -3.057   -1.224    1.302 
4281.320   -2.354    2.327    2.352   -2.362    1.750   -1.769   -0.744    0.742 
4292.368    2.341   -2.408    2.459   -2.402    0.590   -0.634    1.693   -1.659 
4300.756   -1.249    1.252   -1.276    1.244    1.301   -1.370    3.143   -3.113 
4286.475   -1.417    1.349    3.184   -3.191   -1.253    1.231    1.010   -1.058 
4290.356    2.017   -2.038   -0.682    0.689   -1.846    1.822    2.612   -2.605 
4293.671    2.385   -2.398    1.885   -1.837    2.322   -2.361    0.312   -0.235 
4305.079    1.741   -1.717    0.783   -0.769   -2.054    2.117   -2.618    2.599 
4283.631    2.454   -2.512    0.543   -0.485    0.896   -0.925    2.743   -2.702 
4288.565    1.062   -1.026   -2.676    2.651   -2.514    2.539    0.401   -0.404 
4296.915    2.072   -2.011   -1.331    1.391    1.948   -1.896   -2.215    2.281 
4306.084   -1.823    1.810   -2.337    2.368    1.984   -1.930    1.424   -1.461 
4280.859    1.048   -1.007   -0.707    0.754    3.199   -3.175   -1.672    1.737 
4283.800    3.090   -3.092   -1.653    1.698   -0.644    0.640    1.405   -1.368 
4292.463    0.309   -0.381    2.144   -2.112    1.749   -1.817    2.643   -2.613 
4302.745    1.971   -2.012    2.645   -2.596   -0.950    0.968   -1.726    1.723 
4279.364    1.659   -1.581   -3.395    3.419   -0.623    0.675    0.068   -0.039 
4288.554    0.982   -0.955   -0.199    0.262    3.577   -3.566   -0.945    1.018 
4295.511   -2.582    2.630   -1.287    1.239   -0.043    0.092   -2.547    2.502 
4308.405    2.108   -2.082    1.197   -1.176   -1.220    1.253   -2.723    2.736 
4283.066    0.341   -0.342   -1.444    1.377   -3.167    3.162    1.571   -1.632 
4292.815    2.070   -2.135    1.281   -1.231    1.025   -1.096    2.785   -2.736 
4295.192   -2.602    2.541    2.467   -2.515   -0.843    0.779    1.108   -1.160 
4309.986    1.899   -1.904    2.233   -2.234   -1.708    1.699   -1.805    1.812 
4280.515   -2.749    2.679    2.585   -2.649    0.052   -0.086   -0.694    0.620 
4293.174    1.012   -1.097    1.881   -1.865   -1.023    0.963    3.023   -3.022 
4294.275   -1.211    1.226   -1.202    1.144   -3.433    3.464   -0.013   -0.055 
4309.049    2.187   -2.169    1.734   -1.710   -1.354    1.376   -2.267    2.291 
4281.081   -2.209    2.167    2.852   -2.887    0.931   -0.978   -0.877    0.849 
4283.620    1.053   -1.120    1.659   -1.638    0.429   -0.502    3.265   -3.234 
4291.283    2.509   -2.502    0.702   -0.625    2.395   -2.380   -1.484    1.549 
4304.413   -1.562    1.568   -1.795    1.834    2.831   -2.802    1.039   -1.033 
4282.342    0.299   -0.321   -0.977    0.919   -3.021    2.997    2.123   -2.183 
4292.047    0.299   -0.383    2.474   -2.447    1.134   -1.221    2.690   -2.668 
4295.702   -2.911    2.891    1.889   -1.954   -1.452    1.434   -0.793    0.727 
4309.758    2.477   -2.487    2.037   -2.019   -1.478    1.472   -1.520    1.534 
4284.615    0.622   -0.601    0.423   -0.354    3.175   -3.126   -2.032    2.087 
4288.247   -3.619    3.631    0.993   -1.044    0.106   -0.110   -0.744    0.710 
4296.374    0.203   -0.264    2.529   -2.515    1.283   -1.366    2.585   -2.551 
4307.733   -1.053    1.077   -2.684    2.696    1.743   -1.733    1.850   -1.824 
4278.037    0.545   -0.550    0.494   -0.438    3.752   -3.750   -0.197    0.245 
4287.322   -3.223    3.211    1.779   -1.817    0.183   -0.191   -1.074    1.032 
4292.995    0.599   -0.683    2.723   -2.701   -0.303    0.248    2.622   -2.631 
4303.374    1.918   -1.909    1.996   -1.970   -0.668    0.671   -2.572    2.605 
4288.478   -0.653    0.653    1.901   -1.857    2.934   -2.932   -1.454    1.495 
4293.240   -2.304    2.364   -1.389    1.345   -0.898    0.959   -2.586    2.538 
4296.111   -2.224    2.166    2.479   -2.537   -1.520    1.459    1.170   -1.230 
4309.968    2.028   -2.010    1.746   -1.756   -1.749    1.745   -2.132    2.149 
4277.082    1.175   -1.218    3.232   -3.205    1.184   -1.252    1.182   -1.138 
4281.995   -2.839    2.842    1.608   -1.630    0.391   -0.384   -1.982    1.939 
4292.907   -1.344    1.296    0.810   -0.858   -2.866    2.840    2.010   -2.073 
4300.049   -1.882    1.827   -0.964    0.995    2.224   -2.228    2.301   -2.327 
4280.536    3.582   -3.558   -1.005    1.066    0.922   -0.904   -0.040    0.100 
4284.850   -0.654    0.671    0.665   -0.632    3.174   -3.153   -1.939    1.979 
4292.791   -0.712    0.772   -3.101    3.094   -0.725    0.802   -2.016    1.989 
4302.765   -0.959    0.960   -1.906    1.913    1.795   -1.825    2.641   -2.608 
4274.238    0.493   -0.467   -0.061    0.110    3.603   -3.593   -1.158    1.232 
4280.948   -2.225    2.171    3.104   -3.124    0.362   -0.397    0.008   -0.036 
4292.248   -2.562    2.626   -1.789    1.736   -0.392    0.445   -2.192    2.155 
4301.687    1.707   -1.707    1.383   -1.351   -1.137    1.188   -2.936    2.926 
4272.042   -3.394    3.439    0.522   -0.592    0.082   -0.045   -1.660    1.571 
4287.854    0.849   -0.836    0.776   -0.714    3.399   -3.383   -1.370    1.427 
4292.406   -0.604    0.516    3.043   -3.038    0.354   -0.439    2.246   -2.236 
4305.378    1.387   -1.385    2.150   -2.157   -1.744    1.754   -2.272    2.258 
4279.929   -0.685    0.654    2.501   -2.456    2.559   -2.587   -1.183    1.230 
4284.162    1.401   -1.330   -2.382    2.426    1.766   -1.694   -1.983    2.032 
4294.039    2.898   -2.935    0.699   -0.642    1.083   -1.136    2.169   -2.105 
4304.687    1.976   -1.984    1.523   -1.508   -1.943    1.979   -2.175    2.148 
4290.634   -0.730    0.719    2.023   -1.983    2.941   -2.949   -1.222    1.259 
4295.712   -2.671    2.631    2.008   -2.075   -1.831    1.790    0.506   -0.574 
4297.360   -1.735    1.806   -1.881    1.848   -0.322    0.394   -2.850    2.819 
4311.612    2.027   -2.020    1.765   -1.759   -1.630    1.637   -2.216    2.222 
4285.597   -2.660    2.698    0.897   -0.936    0.958   -0.921   -2.432    2.388 
4290.932    1.966   -1.932   -0.902    0.970    2.851   -2.817   -1.384    1.457 
4295.382    0.009    0.068   -2.902    2.868   -1.785    1.855   -1.783    1.753 
4308.649   -1.926    1.943   -2.185    2.164    1.580   -1.591    1.945   -1.943 
4271.146   -0.062    0.118   -0.409    0.425    1.971   -1.914   -3.249    3.274 
4280.827   -1.858    1.860    1.039   -1.095   -2.678    2.689   -1.716    1.653 
4284.131    1.803   -1.753   -2.747    2.752   -1.814    1.848   -0.777    0.787 
4300.867    2.815   -2.874    2.450   -2.378   -0.550    0.550   -0.704    0.721 
4277.715    1.691   -1.755   -0.333    0.340   -1.676    1.602    2.983   -2.974 
4284.776    2.964   -2.931   -1.474    1.554    1.688   -1.647   -0.914    0.998 
4294.834    0.600   -0.662    2.912   -2.870    2.134   -2.195    1.175   -1.120 
4306.178   -1.610    1.630   -2.000    1.991    2.127   -2.149    1.905   -1.872 
4281.281   -3.353    3.378    0.136   -0.176   -0.079    0.106   -1.845    1.795 
4286.660    1.679   -1.644   -0.498    0.540    1.256   -1.198   -3.175    3.197 
4293.089    0.205   -0.168   -2.806    2.779   -2.569    2.617   -0.463    0.425 
4305.906   -0.725    0.741   -2.561    2.606    2.571   -2.538    1.025   -1.000 
4275.992   -3.255    3.212    1.955   -2.038    0.292   -0.345   -0.301    0.248 
4286.187    1.255   -1.295    1.617   -1.547    3.234   -3.253    0.244   -0.194 
4292.581    0.363   -0.420    1.253   -1.272   -1.042    0.972    3.462   -3.460 
4303.948   -1.537    1.564   -2.562    2.585    1.772   -1.734    1.624   -1.619 
4278.315    3.424   -3.386   -1.647    1.725    0.119   -0.084    0.471   -0.412 
4287.998   -0.364    0.343   -0.393    0.340   -3.191    3.159    2.069   -2.117 
4292.032    0.532   -0.608    1.995   -1.969    1.542   -1.603    2.836   -2.822 
4305.146    1.599   -1.634    2.802   -2.798   -1.479    1.454   -1.465    1.465 
4277.474    0.036   -0.089    0.795   -0.789   -3.081    3.091    2.091   -2.141 
4281.209   -1.189    1.242   -0.447    0.414   -2.095    2.154   -2.928    2.890 
4286.802   -1.111    1.059    3.617   -3.581    0.569   -0.575   -0.501    0.486 
4302.650    3.485   -3.475    0.981   -0.930   -0.504    0.516   -1.184    1.240 
4280.702    2.005   -2.073    0.093   -0.065   -1.108    1.041    3.078   -3.035 
4286.666   -1.763    1.707    3.153   -3.174   -1.106    1.083    0.659   -0.716 
4292.730    1.717   -1.735    1.991   -1.940    2.784   -2.819   -0.180    0.263 
4304.956    2.144   -2.129    0.913   -0.895   -2.105    2.155   -2.203    2.190 
4285.505   -2.841    2.806    2.370   -2.399    0.864   -0.902   -0.536    0.511 
4290.641   -2.119    2.147   -1.497    1.413   -2.823    2.850    0.073   -0.148 
4296.194    0.634   -0.704    1.940   -1.952   -1.427    1.352    2.930   -2.936 
4308.949    1.319   -1.317    1.769   -1.778   -1.993    2.004   -2.437    2.419 
4290.698    3.293   -3.278   -1.448    1.479   -0.233    0.228    1.351   -1.300 
4292.144   -1.173    1.210   -3.001    2.967   -1.962    2.015   -0.702    0.652 
4295.277   -0.495    0.441    1.426   -1.466   -2.699    2.655    2.275   -2.322 
4308.090   -1.533    1.499   -1.257    1.269    1.881   -1.908    2.699   -2.699 
4282.790    0.243   -0.275   -0.828    0.767   -3.149    3.104    2.018   -2.083 
4293.954   -0.916    0.835    3.271   -3.280    0.226   -0.307    1.778   -1.792 
4295.985    2.903   -2.927   -0.354    0.421    1.572   -1.595    1.934   -1.869 
4310.382    2.337   -2.335    1.808   -1.794   -1.530    1.534   -1.926    1.939 
4275.907   -0.534    0.605   -0.752    0.742    0.440   -0.391   -3.678    3.690 
4282.815   -0.675    0.627    3.404   -3.380    1.595   -1.625   -0.405    0.412 
4289.043    1.379   -1.366   -1.233    1.290    3.329   -3.318    0.443   -0.387 
4304.409   -3.486    3.486   -1.027    0.989    0.943   -0.940    0.820   -0.867 
4271.033    1.115   -1.044   -3.591    3.607   -0.658    0.719   -0.052    0.067 
4287.048   -2.551    2.596   -0.751    0.709    0.062   -0.015   -2.770    2.727 
4288.106   -1.402    1.374    0.169   -0.239   -3.370    3.353    1.164   -1.238 
4302.028    2.251   -2.220    1.036   -1.028   -1.703    1.723   -2.385    2.402 
4283.055   -0.087    0.093   -1.152    1.092   -3.514    3.525    0.983   -1.046 
4285.034    3.577   -3.561   -1.222    1.278    0.442   -0.429    0.485   -0.428 
4295.637    0.603   -0.684    2.746   -2.736   -0.180    0.097    2.615   -2.604 
4306.839   -1.238    1.239   -2.103    2.100    1.435   -1.452    2.599   -2.588 
4275.513    0.935   -0.998   -0.218    0.203   -1.757    1.694    3.262   -3.274 
4283.560   -1.026    1.074   -1.456    1.383   -3.074    3.110   -1.443    1.379 
4294.744   -2.512    2.465    2.767   -2.817   -0.711    0.660    0.523   -0.577 
4305.656    2.553   -2.557    2.216   -2.210   -1.302    1.276   -1.274    1.309 
4292.785   -2.050    2.072    0.930   -0.937    1.296   -1.266   -2.837    2.823 
4294.745    1.003   -0.939   -3.139    3.156   -0.381    0.460   -1.931    1.932 
4296.472   -2.707    2.709   -0.869    0.802   -2.533    2.538    0.513   -0.587 
4309.917   -1.494    1.495   -1.800    1.826    2.560   -2.557    1.657   -1.636 
4276.873   -3.382    3.401    0.991   -1.048    0.178   -0.158   -1.471    1.406 
4285.438   -0.961    0.898    1.225   -1.267   -2.083    2.014    2.824   -2.859 
4291.436   -0.825    0.879   -3.110    3.073   -2.044    2.094   -0.436    0.389 
4303.471   -1.240    1.246   -1.597    1.607    2.481   -2.512    2.114   -2.074 
4276.245   -0.097    0.106   -1.035    0.956   -3.204    3.197    1.815   -1.870 
4286.789   -0.352    0.292    1.893   -1.871    1.159   -1.254    3.118   -3.073 
4292.444   -3.354    3.363    1.380   -1.442   -0.842    0.829   -0.903    0.861 
4306.002    1.802   -1.858    2.878   -2.860   -1.516    1.489   -0.967    0.952 
4277.355   -2.545    2.513    2.386   -2.439    0.583   -0.610   -1.468    1.409 
4283.565    1.159   -1.250    2.512   -2.479    0.916   -0.998    2.482   -2.446 
4293.965   -1.678    1.634    0.052   -0.124   -2.939    2.910    1.819   -1.894 
4305.811   -2.036    2.012   -1.606    1.624    2.225   -2.214    1.753   -1.775 
4282.968    1.761   -1.704   -2.691    2.679   -2.023    2.081    0.512   -0.519 
4289.394   -2.995    3.006   -0.285    0.187   -2.328    2.342   -0.492    0.404 
4296.031    0.321   -0.395    1.772   -1.789   -1.283    1.204    3.146   -3.154 
4309.375    1.606   -1.608    2.066   -2.076   -1.878    1.872   -2.097    2.092 
4281.606   -2.986    3.040    0.288   -0.344    0.169   -0.126   -2.373    2.304 
4290.287    0.686   -0.703    1.530   -1.466    3.425   -3.439   -0.453    0.511 
4296.216   -1.636    1.559    2.516   -2.543   -0.484    0.411    2.355   -2.384 
4308.469   -1.607    1.607   -2.452    2.462    1.663   -1.645    1.843   -1.852 
4285.099   -0.887    0.832    2.853   -2.813    2.373   -2.427   -0.406    0.434 
4294.542    2.281   -2.240   -1.526    1.605    2.497   -2.458   -0.988    1.062 
4296.120   -1.959    2.022   -0.997    0.960   -0.070    0.130   -3.151    3.123 
4310.705    2.227   -2.229    1.819   -1.808   -1.680    1.680   -1.919    1.931 
4284.554    1.739   -1.801    1.279   -1.266   -0.268    0.192    3.163   -3.124 
4287.550    0.918   -0.898   -3.447    3.459   -1.130    1.166    0.806   -0.807 
4296.456    2.662   -2.628   -0.376    0.435    2.515   -2.503   -1.101    1.185 
4307.035    1.961   -1.933    0.981   -1.007   -2.662    2.673   -1.696    1.692 
4272.739    0.140   -0.106    0.768   -0.697    3.470   -3.427   -1.425    1.514 
4285.202    3.639   -3.628   -0.046    0.076    0.361   -0.388    1.189   -1.128 
4290.562    0.470   -0.407   -3.459    3.492    0.097   -0.006   -1.559    1.570 
4304.507   -1.151    1.106   -1.439    1.459    1.594   -1.623    2.962   -2.966 
4284.940   -0.956    0.898    3.383   -3.362    1.547   -1.596   -0.008    0.016 
4288.321   -0.479    0.541   -0.721    0.731    1.268   -1.211   -3.512    3.529 
4294.461    2.442   -2.447   -0.586    0.669    2.797   -2.789    0.792   -0.725 
4306.796   -2.767    2.776   -1.562    1.541    1.716   -1.708    1.311   -1.329 
4278.171    0.493   -0.466   -0.569    0.600    1.178   -1.120   -3.565    3.574 
4283.179    0.699   -0.654   -2.472    2.427   -2.823    2.852   -0.430    0.403 
4288.817    2.569   -2.571   -1.679    1.749    1.918   -1.892    1.259   -1.220 
4301.771    2.694   -2.762    2.352   -2.310   -1.307    1.283   -0.424    0.423 
4282.253    3.364   -3.365   -0.958    1.030    0.358   -0.348    1.527   -1.467 
4285.921    0.026   -0.068    1.808   -1.753    3.379   -3.389    0.281   -0.259 
4294.409    0.680   -0.595   -1.912    1.944    1.283   -1.215   -2.990    3.032 
4305.837    1.719   -1.719    2.618   -2.627   -1.270    1.229   -1.815    1.849 
4288.436    2.437   -2.447   -0.110    0.187    2.115   -2.069   -2.067    2.096 
4289.038   -2.765    2.793    0.970   -0.988    1.167   -1.144   -2.183    2.162 
4292.498   -0.119    0.170   -2.544    2.512   -2.008    2.077   -2.061    2.013 
4306.641   -0.979    1.014   -2.706    2.734    2.220   -2.190    1.241   -1.214 
4274.742   -0.905    0.857    3.231   -3.214    1.833   -1.873   -0.199    0.214 
4279.403    1.491   -1.451   -1.404    1.470    3.119   -3.087   -0.849    0.921 
4288.879    3.186   -3.222    1.266   -1.229   -0.493    0.453    1.651   -1.613 
4303.131   -1.236    1.206   -0.791    0.786    1.141   -1.190    3.363   -3.355 
4281.966   -1.560    1.551    0.846   -0.906   -1.522    1.442    3.046   -3.040 
4289.132   -2.402    2.395    2.386   -2.402    1.225   -1.237   -1.320    1.319 
4294.317    2.351   -2.403    2.351   -2.305    1.425   -1.474    1.277   -1.231 
4304.268    0.921   -0.955    1.665   -1.689   -2.985    2.997   -1.486    1.416 
4275.619   -0.498    0.565   -1.054    1.017   -1.030    1.062   -3.485    3.488 
4280.950    0.231   -0.210   -1.945    1.888   -2.983    2.984    1.421   -1.446 
4291.882   -2.401    2.380    2.442   -2.507   -1.724    1.667    0.123   -0.157 
4301.727   -2.937    2.965   -1.968    1.952    1.362   -1.320    0.602   -0.638 
4281.434   -0.310    0.319    1.718   -1.661    3.173   -3.169   -1.263    1.316 
4283.066   -2.332    2.394   -1.212    1.173   -0.655    0.716   -2.701    2.660 
4292.891    1.929   -1.872   -2.896    2.937    1.462   -1.411   -0.715    0.771 
4303.594    2.355   -2.304    1.381   -1.392   -1.445    1.439   -2.276    2.328 
4282.711   -0.241    0.265   -1.193    1.121   -3.144    3.138    1.830   -1.865 
4285.609   -1.118    1.074    2.046   -2.042    0.987   -1.063    2.883   -2.857 
4292.373   -3.021    3.040    1.213   -1.280   -1.171    1.162   -1.644    1.609 
4305.094    2.036   -2.105    2.783   -2.758   -1.568    1.535   -0.622    0.611 
4285.615    3.432   -3.437    0.202   -0.170    0.227   -0.267    1.711   -1.638 
4291.821    0.200   -0.195    2.015   -1.985    3.078   -3.093   -1.067    1.118 
4296.411    1.188   -1.123   -2.754    2.798    0.985   -0.907   -2.185    2.211 
4307.638    1.255   -1.218    1.718   -1.756   -2.065    2.072   -2.441    2.432 
4278.406   -2.875    2.823    2.499   -2.563    0.067   -0.105   -0.368    0.311 
4290.943    0.422   -0.489    0.975   -0.995   -2.104    2.039    3.034   -3.054 
4294.139    2.040   -2.091    2.347   -2.279    2.199   -2.240    0.484   -0.419 
4307.990   -1.444    1.447   -1.404    1.401    2.338   -2.369    2.290   -2.257 
4273.589    0.858   -0.863    1.367   -1.296    3.467   -3.475   -0.180    0.249 
4278.202    3.245   -3.262   -0.046    0.060   -0.692    0.652    1.921   -1.875 
4290.968    1.171   -1.103   -3.104    3.139    0.846   -0.768   -1.726    1.760 
4300.252    1.452   -1.397    1.773   -1.798   -1.211    1.207   -2.815    2.853 
4287.481    1.799   -1.848   -0.458    0.467   -1.138    1.091    3.160   -3.145 
4290.764   -0.423    0.481   -2.885    2.840   -2.292    2.349   -0.995    0.953 
4296.551    2.553   -2.512   -1.714    1.785    2.100   -2.056   -0.950    1.022 
4308.889    2.200   -2.191    1.805   -1.816   -1.959    1.945   -1.682    1.700 
4280.810   -3.381    3.369    1.481   -1.519   -0.425    0.431   -0.953    0.890 
4282.392    0.761   -0.803    2.721   -2.668    2.567   -2.614    0.329   -0.278 
4287.278   -0.774    0.829   -2.087    2.088    2.629   -2.602   -1.673    1.697 
4302.708    1.447   -1.398    0.896   -0.890   -0.954    0.988   -3.304    3.323 
4283.718    3.689   -3.664    0.548   -0.531    0.571   -0.595    0.750   -0.686 
4290.105    0.754   -0.733   -3.498    3.520   -1.338    1.393   -0.041    0.024 
4291.434   -0.368    0.325    0.736   -0.781   -2.251    2.189    3.004   -3.034 
4304.985   -0.701    0.677   -1.215    1.260    2.753   -2.771    2.282   -2.243 
4286.759   -2.939    2.895    2.278   -2.322    0.784   -0.821   -0.538    0.501 
4290.665    1.518   -1.525    0.667   -0.583    3.438   -3.426   -0.462    0.523 
4295.906   -0.674    0.749   -1.712    1.704    0.179   -0.112   -3.364    3.365 
4308.395    1.831   -1.853    2.484   -2.480   -1.521    1.501   -1.707    1.717 
4279.987   -2.995    2.967    1.902   -1.981    0.394   -0.413   -1.395    1.316 
4292.498    0.774   -0.873    2.690   -2.666    1.093   -1.184    2.381   -2.346 
4296.139   -1.249    1.209    0.022   -0.093   -3.143    3.108    1.834   -1.901 
4311.808    1.907   -1.899    1.941   -1.949   -1.887    1.879   -1.956    1.964 
4287.231    1.647   -1.698    1.095   -1.021    2.671   -2.682    1.915   -1.884 
4289.441    1.680   -1.695   -1.148    1.138   -2.272    2.254    2.338   -2.342 
4293.963    2.547   -2.498   -1.859    1.904    0.685   -0.634   -2.074    2.123 
4305.992   -1.639    1.663   -2.965    2.972    1.435   -1.385    1.097   -1.120 
4273.584   -2.871    2.848    2.409   -2.453    0.188   -0.209   -0.732    0.685 
4280.425    1.599   -1.678    2.604   -2.573    0.053   -0.129    2.309   -2.277 
4287.866   -1.748    1.728   -1.163    1.107   -1.914    1.886    2.579   -2.628 
4304.281    0.868   -0.865    0.847   -0.876   -3.326    3.343   -1.488    1.444 
4282.416    0.923   -0.987    1.159   -1.156   -0.295    0.222    3.522   -3.507 
4284.566    0.671   -0.643   -3.317    3.306   -1.613    1.655    0.786   -0.804 
4294.258   -3.155    3.146    0.487   -0.561   -2.075    2.056    0.496   -0.567 
4304.685   -1.865    1.863   -1.435    1.469    2.795   -2.776    1.189   -1.181 
4280.660   -3.335    3.342    1.355   -1.418    0.238   -0.234   -1.271    1.213 
4285.344   -0.895    0.848    0.572   -0.623   -2.727    2.674    2.482   -2.530 
4294.408   -0.486    0.557   -2.578    2.540   -2.085    2.157   -1.878    1.829 
4305.581   -1.563    1.595   -2.442    2.425    1.688   -1.703    1.871   -1.847 
4279.065    3.512   -3.512   -0.271    0.321    1.149   -1.123   -0.941    0.965 
4286.716    0.914   -0.902   -2.510    2.502   -2.518    2.545    1.083   -1.113 
4289.157   -1.181    1.208   -2.484    2.519    1.027   -0.946   -2.468    2.448 
4301.359    0.206   -0.215    1.422   -1.455   -2.442    2.478   -2.599    2.526 
4268.353   -1.054    1.126    0.075   -0.050    1.269   -1.186   -3.428    3.463 
4283.923   -2.844    2.847   -1.200    1.118   -2.283    2.286    0.016   -0.110 
4286.630   -2.048    1.993    2.875   -2.883    1.059   -1.116    1.065   -1.082 
4302.401   -1.139    1.142   -2.229    2.280    2.628   -2.584    1.252   -1.241 
4280.678    0.150   -0.085   -1.618    1.652    1.676   -1.600   -3.030    3.063 
4283.635    1.237   -1.210   -3.246    3.253   -1.066    1.079    1.219   -1.217 
4292.486    3.175   -3.173    0.856   -0.806    1.857   -1.883    0.725   -0.643 
4302.877    1.777   -1.768    0.856   -0.864   -2.702    2.740   -1.873    1.840 
4285.846    1.362   -1.307   -3.380    3.390   -1.170    1.222    0.196   -0.186 
4286.246   -1.265    1.331   -0.741    0.720    0.090   -0.039   -3.536    3.529 
4295.947   -2.460    2.444    0.040   -0.123   -2.848    2.826    0.796   -0.870 
4306.892   -2.299    2.296   -1.640    1.649    2.310   -2.288    1.211   -1.230 
4287.089    1.112   -1.159   -0.179    0.177   -1.261    1.212    3.447   -3.444 
4290.890    0.227   -0.167   -3.056    3.023   -2.091    2.151   -0.993    0.965 
4295.614   -2.836    2.818    1.278   -1.353   -2.248    2.225    0.159   -0.232 
4307.764    2.331   -2.340    1.936   -1.935   -1.936    1.923   -1.352    1.363 
4278.914    2.773   -2.760   -1.775    1.840    0.159   -0.086   -1.922    1.917 
4282.581    1.836   -1.846   -0.666    0.692   -0.529    0.498    3.275   -3.227 
4290.342   -1.558    1.619   -2.617    2.560   -2.326    2.362   -0.027   -0.008 
4304.471   -1.024    1.060   -2.049    2.092    3.016   -2.982    0.643   -0.605 
4281.364    0.623   -0.671    0.004   -0.018   -1.748    1.692    3.355   -3.367 
4287.956   -3.214    3.188    1.776   -1.844   -1.102    1.075    0.018   -0.080 
4292.077   -0.170    0.220   -2.075    2.032   -2.876    2.927   -1.460    1.413 
4305.013    1.985   -2.025    2.707   -2.683   -1.473    1.464   -1.146    1.141 
4285.697    3.135   -3.158   -0.761    0.811   -0.220    0.202    2.059   -2.015 
4291.639   -1.612    1.571    0.450   -0.513   -2.524    2.478    2.361   -2.420 
4294.647    0.345   -0.279   -2.553    2.522   -2.284    2.338   -1.705    1.687 
4307.998   -1.464    1.488   -2.736    2.740    1.774   -1.752    1.409   -1.411 
4276.575    0.295   -0.209   -2.800    2.785   -1.471    1.519   -2.117    2.135 
4279.490    2.022   -2.026   -1.763    1.813   -0.163    0.194    2.714   -2.700 
4291.217   -2.344    2.328   -0.054   -0.032   -2.627    2.588    1.542   -1.599 
4300.652    2.252   -2.260    1.900   -1.927   -2.408    2.344   -0.549    0.585 
4277.793   -0.552    0.489    3.700   -3.683    0.743   -0.792    0.390   -0.390 
4285.566    1.753   -1.805    0.095   -0.075   -0.906    0.866    3.287   -3.271 
4289.275   -1.722    1.712    0.432   -0.491   -3.391    3.405   -0.034   -0.042 
4302.525    2.907   -2.877    0.895   -0.874   -1.328    1.345   -1.932    1.969 
4282.575   -1.134    1.054    3.596   -3.579   -0.416    0.394    0.635   -0.673 
4286.480   -1.676    1.730    0.039   -0.075   -0.391    0.417   -3.414    3.408 
4291.068   -0.425    0.424   -0.685    0.654   -3.690    3.707    0.623   -0.668 
4303.701    3.246   -3.231    1.183   -1.131   -0.831    0.840   -1.463    1.519 
4279.189    1.586   -1.512   -3.354    3.383   -0.919    0.978    0.107   -0.078 
4289.739    2.266   -2.296    0.478   -0.399    2.350   -2.367    1.966   -1.908 
4290.908    0.143   -0.201    0.853   -0.886   -2.584    2.536    2.701   -2.739 
4305.710    2.676   -2.656    1.549   -1.529   -1.306    1.301   -1.869    1.912 
4279.664    3.392   -3.376   -1.405    1.472   -0.112    0.135    1.084   -1.032 
4287.517   -0.106    0.031    2.068   -2.065    0.756   -0.830    3.133   -3.124 
4290.369   -1.214    1.223   -1.447    1.384   -2.922    2.918    1.625   -1.670 
4305.002   -1.298    1.321   -2.509    2.545    2.384   -2.338    1.039   -1.031 
4280.201    0.923   -1.004    0.672   -0.660   -1.910    1.853    3.114   -3.128 
4285.261   -2.186    2.146    3.048   -3.060   -0.701    0.708   -0.446    0.381 
4293.383   -1.811    1.849   -2.026    1.964   -2.630    2.678   -0.649    0.564 
4304.789    2.402   -2.398    0.988   -0.950   -1.880    1.934   -2.102    2.095 
4282.108    1.653   -1.586   -3.315    3.328   -0.955    1.018    0.230   -0.217 
4291.949   -1.488    1.553   -1.118    1.101    0.535   -0.469   -3.318    3.301 
4295.462   -2.515    2.504   -0.393    0.303   -2.761    2.756    0.810   -0.896 
4309.585    1.877   -1.871    1.513   -1.521   -2.435    2.441   -1.743    1.734 
4275.873    3.613   -3.588   -1.223    1.267    0.196   -0.183    0.309   -0.257 
4281.840   -1.109    1.146   -3.522    3.524   -0.786    0.848   -0.564    0.533 
4291.572   -0.024   -0.013    0.171   -0.212   -2.697    2.650    2.732   -2.767 
4304.586   -0.629    0.608   -0.794    0.824    2.610   -2.646    2.632   -2.590 
4273.277   -1.909    1.847    3.236   -3.243    0.679   -0.715   -0.336    0.299 
4277.556   -2.469    2.490   -1.039    0.973   -2.482    2.525   -1.134    1.053 
4283.348    1.388   -1.430    1.563   -1.560   -2.751    2.733    1.642   -1.649 
4300.213    1.759   -1.694    0.812   -0.804   -0.590    0.615   -3.254    3.298 
4277.675   -0.127    0.134    1.586   -1.522    3.309   -3.296   -1.112    1.174 
4287.558   -1.615    1.693   -2.155    2.144    0.052    0.032   -2.718    2.701 
4290.505   -2.598    2.569    2.420   -2.482   -1.398    1.362   -0.406    0.344 
4305.206    2.325   -2.285    1.284   -1.288   -1.353    1.359   -2.418    2.456 
4274.563    1.710   -1.623   -3.250    3.284   -1.034    1.107    0.170   -0.144 
4288.523    1.992   -1.973   -0.023    0.118    3.271   -3.261   -0.280    0.368 
4294.141   -2.028    2.083   -1.493    1.477    0.978   -0.915   -2.737    2.714 
4308.189    1.959   -1.931    1.328   -1.324   -1.406    1.425   -2.680    2.696 
4278.050    0.506   -0.458   -2.186    2.111   -3.002    3.054    0.759   -0.816 
4286.761   -2.424    2.378    2.015   -2.070   -1.427    1.365    1.655   -1.693 
4293.177    2.207   -2.261    0.665   -0.612    0.642   -0.702    3.005   -2.961 
4305.245   -1.911    1.956   -2.360    2.332    1.757   -1.760    1.560   -1.542 
4277.693    0.052   -0.087    0.324   -0.336   -0.652    0.595    3.764   -3.754 
4285.179   -3.633    3.645    0.968   -1.038   -0.664    0.643   -0.152    0.117 
4291.710   -0.128    0.095    1.860   -1.809    3.339   -3.357    0.409   -0.373 
4304.955   -1.169    1.222   -3.208    3.212    1.665   -1.624    0.576   -0.564 
4277.613    1.623   -1.567   -3.246    3.281    0.860   -0.824   -0.826    0.868 
4282.831    3.160   -3.169    0.904   -0.888   -0.650    0.610    1.877   -1.836 
4285.652   -1.195    1.171   -1.757    1.733   -2.475    2.465    2.008   -2.060 
4301.307   -0.839    0.823   -0.348    0.351    2.704   -2.777    2.561   -2.502 
4290.406    0.449   -0.501    0.031   -0.056   -2.650    2.608    2.734   -2.778 
4294.302   -1.838    1.779    3.378   -3.383   -0.012   -0.022    0.241   -0.272 
4298.085   -2.375    2.414   -1.181    1.119   -2.189    2.236   -1.718    1.645 
4310.566    2.362   -2.355    1.429   -1.402   -1.701    1.730   -2.064    2.069 
4280.745   -3.595    3.588   -0.950    0.936   -0.863    0.888   -0.290    0.240 
4286.762   -0.011   -0.012    0.274   -0.308   -1.409    1.341    3.574   -3.560 
4291.030    1.302   -1.291   -3.039    3.052   -1.858    1.917   -0.489    0.459 
4303.543   -0.245    0.237   -2.078    2.154    2.934   -2.909    1.315   -1.273 
4281.795   -3.078    3.045    2.258   -2.302    0.006   -0.030   -0.350    0.304 
4286.392    2.074   -2.112    2.965   -2.950    0.635   -0.695    1.074   -1.030 
4291.362   -0.368    0.327   -0.095    0.053   -2.782    2.739    2.622   -2.666 
4306.239   -0.900    0.879   -0.839    0.861    2.568   -2.607    2.580   -2.540 
4275.094   -3.348    3.301    1.810   -1.894    0.162   -0.210   -0.336    0.277 
4284.939    0.954   -0.990    1.471   -1.402    3.409   -3.416    0.208   -0.168 
4292.713    0.385   -0.448    1.389   -1.406   -0.934    0.865    3.434   -3.437 
4303.494    1.555   -1.582    2.686   -2.705   -1.505    1.464   -1.672    1.676 
4285.667   -0.176    0.136    3.163   -3.128    2.151   -2.214   -0.116    0.160 
4293.132    3.477   -3.478   -0.061    0.101    0.442   -0.468    1.596   -1.532 
4296.758   -0.750    0.694    1.685   -1.739   -2.403    2.341    2.363   -2.409 
4309.790    1.470   -1.435    1.357   -1.384   -2.031    2.047   -2.579    2.573 
4280.143   -0.833    0.850   -0.991    0.906   -3.123    3.095    1.818   -1.859 
4285.658   -3.541    3.567    1.305   -1.346    0.534   -0.560   -0.031    0.026 
4288.699    0.771   -0.822    1.749   -1.721    1.067   -1.151    3.161   -3.107 
4303.972   -0.815    0.858   -3.003    3.026    1.885   -1.847    1.229   -1.202 
4279.595   -2.703    2.649    2.491   -2.558    0.385   -0.428   -1.005    0.950 
4286.547   -0.267    0.354   -1.682    1.687    0.250   -0.173   -3.419    3.427 
4295.327    2.035   -2.043    1.471   -1.394    2.834   -2.838   -0.679    0.751 
4307.839   -1.810    1.817   -1.846    1.861    2.565   -2.546    1.231   -1.230 
4289.359   -3.036    3.046    1.297   -1.333    0.388   -0.367   -1.929    1.875 
4293.006    0.536   -0.609    3.371   -3.339    0.806   -0.872    1.578   -1.553 
4296.067   -1.341    1.306    0.222   -0.274   -3.200    3.187    1.626   -1.695 
4309.198   -1.860    1.835   -1.301    1.298    1.916   -1.945    2.437   -2.439 
4282.017   -2.671    2.621    2.706   -2.767    0.387   -0.449    0.034   -0.065 
4289.836    0.542   -0.585    0.601   -0.610   -0.900    0.834    3.655   -3.636 
4293.682    2.247   -2.286    1.850   -1.774    2.502   -2.525   -0.025    0.082 
4307.174   -1.485    1.509   -1.877    1.901    2.752   -2.737    1.207   -1.177 
4283.775   -2.580    2.555    2.589   -2.614    0.723   -0.749   -0.912    0.879 
4286.124    2.190   -2.248    2.437   -2.390    1.130   -1.195    1.636   -1.579 
4295.806   -1.151    1.102    0.475   -0.528   -2.544    2.497    2.600   -2.652 
4306.617   -1.395    1.372   -1.343    1.375    2.554   -2.554    2.117   -2.113 
4280.015    2.082   -2.142   -0.015    0.059    0.019   -0.055    3.206   -3.180 
4291.684    2.858   -2.804   -1.652    1.701    0.581   -0.536   -1.864    1.926 
4294.102    0.298   -0.327    1.923   -1.865    3.319   -3.322   -0.213    0.245 
4307.292   -1.449    1.475   -2.891    2.901    1.872   -1.825    0.901   -0.916 
4287.922    0.530   -0.539    0.933   -0.869    3.663   -3.651   -0.468    0.513 
4290.623    3.279   -3.277   -1.456    1.504    0.065   -0.058    1.365   -1.322 
4295.615    0.168   -0.085   -2.417    2.415    0.210   -0.145   -2.969    2.990 
4306.967   -1.917    1.927   -2.443    2.428    1.145   -1.129    1.946   -1.972 
4278.405   -1.480    1.414    3.248   -3.228    1.394   -1.455   -0.192    0.206 
4281.927   -0.875    0.839    0.730   -0.786   -2.221    2.167    2.901   -2.943 
4292.828    2.497   -2.537    0.431   -0.354    1.929   -1.977    2.140   -2.071 
4303.329    2.336   -2.381    1.874   -1.839   -2.000    2.020   -1.308    1.282 
4280.712   -0.194    0.174   -0.187    0.149   -3.598    3.597    1.260   -1.317 
4288.883    1.650   -1.706    0.424   -0.385    1.033   -1.083    3.275   -3.242 
4293.606   -2.184    2.124    3.101   -3.112    0.185   -0.222    0.638   -0.672 
4305.516    2.691   -2.706    2.240   -2.195   -0.742    0.743   -1.402    1.432 
4287.588   -0.297    0.313    0.783   -0.737    3.123   -3.099   -2.070    2.113 
4291.508   -2.927    2.885    2.371   -2.423   -0.717    0.679    0.223   -0.276 
4295.201    1.342   -1.409    1.847   -1.801    1.469   -1.536    2.719   -2.677 
4308.034   -2.068    2.090   -2.271    2.251    1.514   -1.519    1.741   -1.740 
4285.278    3.659   -3.626   -0.917    0.963    0.739   -0.726    0.038    0.020 
4289.468    0.118   -0.121    2.519   -2.501    2.609   -2.624   -1.235    1.275 
4290.319   -0.865    0.907   -2.475    2.507    1.281   -1.203   -2.487    2.486 
4304.691    0.790   -0.774    1.137   -1.162   -2.395    2.430   -2.667    2.623 
4277.674    0.204   -0.149   -2.666    2.592   -2.726    2.800    0.206   -0.266 
4289.433    3.538   -3.541   -0.488    0.545    0.802   -0.815    1.165   -1.096 
4295.495   -0.090    0.022    2.182   -2.213   -1.919    1.845    2.514   -2.539 
4308.108   -1.482    1.459   -1.631    1.645    1.685   -1.695    2.657   -2.660 
4277.674   -0.985    1.041    0.094   -0.077    1.430   -1.359   -3.408    3.424 
4288.451    3.391   -3.380   -0.485    0.565    1.704   -1.683   -0.282    0.362 
4293.191    0.764   -0.711   -2.523    2.491   -2.472    2.523   -1.310    1.282 
4307.290   -1.281    1.310   -2.858    2.874    1.934   -1.903    1.097   -1.089 
4274.271   -2.911    2.958   -0.178    0.125   -0.457    0.488   -2.425    2.374 
4285.305   -0.268    0.245    1.962   -1.909    3.262   -3.273   -0.445    0.473 
4289.070    2.309   -2.238   -1.183    1.212    0.518   -0.475   -2.772    2.831 
4302.702   -0.888    0.897   -3.071    3.109    1.916   -1.854    0.910   -0.925 
4282.880    0.664   -0.685   -0.732    0.694   -3.013    2.990    2.157   -2.190 
4285.699    2.431   -2.471    0.472   -0.404    1.970   -2.005    2.164   -2.100 
4292.773   -2.443    2.379    2.199   -2.227    0.334   -0.393    1.956   -1.991 
4305.962    1.554   -1.575    3.030   -3.031   -1.279    1.246   -1.234    1.246 
4288.777    1.672   -1.635   -2.731    2.714   -2.078    2.115    0.427   -0.442 
4289.409   -1.686    1.661    0.996   -1.061   -2.169    2.113    2.484   -2.523 
4295.113    2.241   -2.292    0.617   -0.552    1.546   -1.583    2.634   -2.592 
4306.630   -1.992    2.044   -2.447    2.424    1.824   -1.811    1.207   -1.195 
4288.904   -0.589    0.575    2.034   -2.000    3.008   -3.021   -1.097    1.134 
4291.228    1.610   -1.546   -2.775    2.813    1.751   -1.703   -1.175    1.228 
4296.854    2.432   -2.483    0.830   -0.779    0.901   -0.953    2.712   -2.664 
4308.993    2.433   -2.429    1.500   -1.473   -1.329    1.350   -2.198    2.210 
4277.981   -2.257    2.310    0.543   -0.542    1.813   -1.752   -2.448    2.437 
4283.122    2.356   -2.366    0.650   -0.557    2.954   -2.953    0.130   -0.033 
4294.378   -1.421    1.338    2.745   -2.758    0.438   -0.520    2.236   -2.257 
4306.904   -1.411    1.407   -2.550    2.566    1.605   -1.587    1.914   -1.925 
4271.785    1.071   -0.988   -3.667    3.667   -0.159    0.203   -0.215    0.242 
4284.475    1.159   -1.210    0.198   -0.186   -1.463    1.425    3.343   -3.343 
4289.759   -1.864    1.868   -0.352    0.291   -3.240    3.272   -0.767    0.685 
4302.445    2.978   -2.954    1.022   -0.982   -1.398    1.424   -1.699    1.731 
4282.021   -2.201    2.233    0.234   -0.229    1.290   -1.232   -2.857    2.845 
4282.973    3.029   -3.013   -0.167    0.236    1.720   -1.678   -1.586    1.641 
4292.933    0.340   -0.299   -2.697    2.676   -2.260    2.322   -1.497    1.454 
4305.265   -0.710    0.730   -2.711    2.751    2.251   -2.224    1.346   -1.316 
4283.104    1.634   -1.622    0.322   -0.250    3.387   -3.379   -0.667    0.746 
4284.554    3.266   -3.262   -1.130    1.158   -1.249    1.248    1.101   -1.073 
4296.827    0.222   -0.298    2.932   -2.933    0.102   -0.184    2.468   -2.463 
4306.989   -1.149    1.143   -2.185    2.187    1.280   -1.293    2.652   -2.646 
